Ia_node[0] {
pt3dclear()
pt3dadd(1500.0000, 1500.0000, -1000.0000, 9.0000)
}
Ia_paranode[0] {
pt3dclear()
pt3dadd(1496.0594, 1496.6028, -954.4575, 9.0000)
pt3dadd(1492.1232, 1493.2089, -908.9122, 9.0000)
pt3dadd(1488.1956, 1489.8213, -863.3616, 9.0000)
pt3dadd(1484.2811, 1486.4434, -817.8027, 9.0000)
pt3dadd(1480.3841, 1483.0783, -772.2330, 9.0000)
pt3dadd(1476.5088, 1479.7293, -726.6497, 9.0000)
pt3dadd(1472.6597, 1476.3995, -681.0501, 9.0000)
pt3dadd(1468.8410, 1473.0922, -635.4315, 9.0000)
pt3dadd(1465.0571, 1469.8106, -589.7911, 9.0000)
pt3dadd(1461.3125, 1466.5578, -544.1262, 9.0000)
pt3dadd(1457.6114, 1463.3372, -498.4341, 9.0000)
pt3dadd(1453.9582, 1460.1519, -452.7122, 9.0000)
pt3dadd(1450.3572, 1457.0050, -406.9576, 9.0000)
pt3dadd(1446.8129, 1453.9000, -361.1676, 9.0000)
pt3dadd(1443.3295, 1450.8398, -315.3396, 9.0000)
pt3dadd(1439.9114, 1447.8278, -269.4708, 9.0000)
pt3dadd(1436.5630, 1444.8671, -223.5585, 9.0000)
pt3dadd(1433.2887, 1441.9611, -177.6000, 9.0000)
pt3dadd(1430.0927, 1439.1128, -131.5926, 9.0000)
pt3dadd(1426.9794, 1436.3254, -85.5335, 9.0000)
}
Ia_node[1] {
pt3dclear()
pt3dadd(1423.9532, 1433.6023, -39.4200, 9.0000)
}
Ia_paranode[1] {
pt3dclear()
pt3dadd(1421.0185, 1430.9466, 6.7506, 9.0000)
pt3dadd(1418.1796, 1428.3615, 52.9810, 9.0000)
pt3dadd(1415.4408, 1425.8502, 99.2739, 9.0000)
pt3dadd(1412.8065, 1423.4160, 145.6321, 9.0000)
pt3dadd(1410.2811, 1421.0620, 192.0583, 9.0000)
pt3dadd(1407.8689, 1418.7914, 238.5552, 9.0000)
pt3dadd(1405.5743, 1416.6075, 285.1254, 9.0000)
pt3dadd(1403.4016, 1414.5135, 331.7718, 9.0000)
pt3dadd(1401.3551, 1412.5126, 378.4970, 9.0000)
pt3dadd(1399.4393, 1410.6080, 425.3039, 9.0000)
pt3dadd(1397.6585, 1408.8028, 472.1949, 9.0000)
pt3dadd(1396.0171, 1407.1004, 519.1730, 9.0000)
pt3dadd(1394.5193, 1405.5039, 566.2409, 9.0000)
pt3dadd(1393.1696, 1404.0166, 613.4011, 9.0000)
pt3dadd(1391.9723, 1402.6415, 660.6566, 9.0000)
pt3dadd(1390.9317, 1401.3821, 708.0099, 9.0000)
pt3dadd(1390.0523, 1400.2414, 755.4638, 9.0000)
pt3dadd(1389.3383, 1399.2226, 803.0210, 9.0000)
pt3dadd(1388.7941, 1398.3291, 850.6843, 9.0000)
pt3dadd(1388.4241, 1397.5639, 898.4563, 9.0000)
}
Ia_node[2] {
pt3dclear()
pt3dadd(1388.2327, 1396.9303, 946.3398, 9.0000)
}
Ia_paranode[2] {
pt3dclear()
pt3dadd(1388.2241, 1396.4316, 994.3374, 9.0000)
pt3dadd(1388.4028, 1396.0709, 1042.4520, 9.0000)
pt3dadd(1388.7731, 1395.8514, 1090.6863, 9.0000)
pt3dadd(1389.3393, 1395.7763, 1139.0429, 9.0000)
pt3dadd(1390.1058, 1395.8489, 1187.5245, 9.0000)
pt3dadd(1391.0770, 1396.0723, 1236.1339, 9.0000)
pt3dadd(1392.2572, 1396.4498, 1284.8739, 9.0000)
pt3dadd(1393.6508, 1396.9846, 1333.7471, 9.0000)
pt3dadd(1395.2621, 1397.6799, 1382.7562, 9.0000)
pt3dadd(1397.0954, 1398.5389, 1431.9039, 9.0000)
pt3dadd(1399.1552, 1399.5648, 1481.1931, 9.0000)
pt3dadd(1401.4449, 1400.7602, 1530.6257, 9.0000)
pt3dadd(1403.9558, 1402.1193, 1580.1950, 9.0000)
pt3dadd(1406.6702, 1403.6301, 1629.8874, 9.0000)
pt3dadd(1409.5703, 1405.2805, 1679.6896, 9.0000)
pt3dadd(1412.6383, 1407.0585, 1729.5879, 9.0000)
pt3dadd(1415.8563, 1408.9518, 1779.5688, 9.0000)
pt3dadd(1419.2065, 1410.9483, 1829.6189, 9.0000)
pt3dadd(1422.6709, 1413.0360, 1879.7245, 9.0000)
pt3dadd(1426.2319, 1415.2027, 1929.8722, 9.0000)
}
Ia_node[3] {
pt3dclear()
pt3dadd(1429.8715, 1417.4363, 1980.0484, 9.0000)
}
Ia_paranode[3] {
pt3dclear()
pt3dadd(1433.5718, 1419.7248, 2030.2396, 9.0000)
pt3dadd(1437.3151, 1422.0559, 2080.4322, 9.0000)
pt3dadd(1441.0835, 1424.4175, 2130.6128, 9.0000)
pt3dadd(1444.8591, 1426.7976, 2180.7677, 9.0000)
pt3dadd(1448.6242, 1429.1841, 2230.8835, 9.0000)
pt3dadd(1452.3607, 1431.5647, 2280.9466, 9.0000)
pt3dadd(1456.0510, 1433.9275, 2330.9435, 9.0000)
pt3dadd(1459.6772, 1436.2602, 2380.8607, 9.0000)
pt3dadd(1463.2214, 1438.5508, 2430.6846, 9.0000)
pt3dadd(1466.6657, 1440.7872, 2480.4017, 9.0000)
pt3dadd(1469.9924, 1442.9571, 2529.9985, 9.0000)
pt3dadd(1473.1835, 1445.0486, 2579.4615, 9.0000)
pt3dadd(1476.2213, 1447.0496, 2628.7770, 9.0000)
pt3dadd(1479.0879, 1448.9477, 2677.9316, 9.0000)
pt3dadd(1481.7654, 1450.7311, 2726.9118, 9.0000)
pt3dadd(1484.2360, 1452.3875, 2775.7040, 9.0000)
pt3dadd(1486.4819, 1453.9049, 2824.2947, 9.0000)
pt3dadd(1488.4851, 1455.2711, 2872.6704, 9.0000)
pt3dadd(1490.2280, 1456.4739, 2920.8175, 9.0000)
pt3dadd(1491.6925, 1457.5014, 2968.7224, 9.0000)
}
Ia_node[4] {
pt3dclear()
pt3dadd(1492.8609, 1458.3414, 3016.3718, 9.0000)
}
Ia_paranode[4] {
pt3dclear()
pt3dadd(1493.7154, 1458.9817, 3063.7519, 9.0000)
pt3dadd(1494.2380, 1459.4102, 3110.8494, 9.0000)
pt3dadd(1494.4109, 1459.6149, 3157.6507, 9.0000)
pt3dadd(1494.2164, 1459.5836, 3204.1422, 9.0000)
pt3dadd(1493.6365, 1459.3042, 3250.3104, 9.0000)
pt3dadd(1492.6533, 1458.7645, 3296.1418, 9.0000)
pt3dadd(1491.2492, 1457.9526, 3341.6228, 9.0000)
pt3dadd(1489.4061, 1456.8561, 3386.7400, 9.0000)
pt3dadd(1487.1063, 1455.4631, 3431.4797, 9.0000)
pt3dadd(1484.3319, 1453.7614, 3475.8285, 9.0000)
pt3dadd(1481.0651, 1451.7390, 3519.7729, 9.0000)
pt3dadd(1477.2880, 1449.3836, 3563.2992, 9.0000)
pt3dadd(1472.9828, 1446.6831, 3606.3940, 9.0000)
pt3dadd(1468.1316, 1443.6255, 3649.0437, 9.0000)
pt3dadd(1462.7166, 1440.1987, 3691.2349, 9.0000)
pt3dadd(1456.7199, 1436.3904, 3732.9539, 9.0000)
pt3dadd(1450.1237, 1432.1887, 3774.1872, 9.0000)
pt3dadd(1442.9102, 1427.5814, 3814.9214, 9.0000)
pt3dadd(1435.0615, 1422.5563, 3855.1429, 9.0000)
pt3dadd(1426.5597, 1417.1014, 3894.8381, 9.0000)
}
Ia_node[5] {
pt3dclear()
pt3dadd(1417.3871, 1411.2045, 3933.9935, 9.0000)
}
Ia_paranode[5] {
pt3dclear()
pt3dadd(1407.5257, 1404.8536, 3972.5956, 9.0000)
pt3dadd(1396.9578, 1398.0365, 4010.6309, 9.0000)
pt3dadd(1385.6750, 1390.7536, 4048.0887, 9.0000)
pt3dadd(1373.6851, 1383.0266, 4084.9633, 9.0000)
pt3dadd(1360.9980, 1374.8795, 4121.2497, 9.0000)
pt3dadd(1347.6233, 1366.3365, 4156.9427, 9.0000)
pt3dadd(1333.5706, 1357.4214, 4192.0371, 9.0000)
pt3dadd(1318.8498, 1348.1585, 4226.5278, 9.0000)
pt3dadd(1303.4704, 1338.5717, 4260.4097, 9.0000)
pt3dadd(1287.4422, 1328.6851, 4293.6776, 9.0000)
pt3dadd(1270.7749, 1318.5227, 4326.3265, 9.0000)
pt3dadd(1253.4781, 1308.1086, 4358.3511, 9.0000)
pt3dadd(1235.5616, 1297.4668, 4389.7464, 9.0000)
pt3dadd(1217.0350, 1286.6214, 4420.5072, 9.0000)
pt3dadd(1197.9081, 1275.5964, 4450.6283, 9.0000)
pt3dadd(1178.1905, 1264.4159, 4480.1047, 9.0000)
pt3dadd(1157.8920, 1253.1040, 4508.9312, 9.0000)
pt3dadd(1137.0222, 1241.6845, 4537.1027, 9.0000)
pt3dadd(1115.5908, 1230.1817, 4564.6140, 9.0000)
pt3dadd(1093.6075, 1218.6196, 4591.4600, 9.0000)
}
Ia_node[6] {
pt3dclear()
pt3dadd(1071.0820, 1207.0221, 4617.6355, 9.0000)
}
Ia_paranode[6] {
pt3dclear()
pt3dadd(1048.0240, 1195.4135, 4643.1355, 9.0000)
pt3dadd(1024.4432, 1183.8176, 4667.9548, 9.0000)
pt3dadd(1000.3494, 1172.2585, 4692.0883, 9.0000)
pt3dadd(975.7521, 1160.7604, 4715.5307, 9.0000)
pt3dadd(950.6610, 1149.3472, 4738.2771, 9.0000)
pt3dadd(925.0860, 1138.0430, 4760.3222, 9.0000)
pt3dadd(899.0366, 1126.8719, 4781.6610, 9.0000)
pt3dadd(872.5226, 1115.8578, 4802.2882, 9.0000)
pt3dadd(845.5536, 1105.0249, 4822.1988, 9.0000)
pt3dadd(818.1394, 1094.3971, 4841.3876, 9.0000)
pt3dadd(790.2896, 1083.9986, 4859.8495, 9.0000)
pt3dadd(762.0140, 1073.8533, 4877.5794, 9.0000)
pt3dadd(733.3222, 1063.9854, 4894.5721, 9.0000)
pt3dadd(704.2239, 1054.4189, 4910.8224, 9.0000)
pt3dadd(674.7289, 1045.1778, 4926.3253, 9.0000)
pt3dadd(644.8468, 1036.2861, 4941.0756, 9.0000)
pt3dadd(614.5872, 1027.7679, 4955.0682, 9.0000)
pt3dadd(583.9600, 1019.6474, 4968.2980, 9.0000)
pt3dadd(552.9748, 1011.9484, 4980.7597, 9.0000)
pt3dadd(521.6412, 1004.6951, 4992.4483, 9.0000)
}
Ia_node[7] {
pt3dclear()
pt3dadd(489.9691, 997.9113, 5003.3588, 9.0000)
}
Ia_paranode[7] {
pt3dclear()
pt3dadd(457.9674, 991.6080, 5013.4948, 9.0000)
pt3dadd(425.6443, 985.7754, 5022.8739, 9.0000)
pt3dadd(393.0078, 980.4017, 5031.5150, 9.0000)
pt3dadd(360.0660, 975.4752, 5039.4371, 9.0000)
pt3dadd(326.8269, 970.9841, 5046.6590, 9.0000)
pt3dadd(293.2985, 966.9166, 5053.1998, 9.0000)
pt3dadd(259.4889, 963.2609, 5059.0783, 9.0000)
pt3dadd(225.4061, 960.0053, 5064.3135, 9.0000)
pt3dadd(191.0581, 957.1380, 5068.9242, 9.0000)
pt3dadd(156.4530, 954.6472, 5072.9295, 9.0000)
pt3dadd(121.5988, 952.5213, 5076.3481, 9.0000)
pt3dadd(86.5036, 950.7483, 5079.1991, 9.0000)
pt3dadd(51.1753, 949.3166, 5081.5014, 9.0000)
pt3dadd(15.6220, 948.2144, 5083.2738, 9.0000)
pt3dadd(-20.1482, 947.4299, 5084.5354, 9.0000)
pt3dadd(-56.1273, 946.9513, 5085.3049, 9.0000)
pt3dadd(-92.3073, 946.7669, 5085.6014, 9.0000)
pt3dadd(-128.6802, 946.8649, 5085.4438, 9.0000)
pt3dadd(-165.2378, 947.2336, 5084.8510, 9.0000)
pt3dadd(-201.9722, 947.8611, 5083.8419, 9.0000)
}
Ia_node[8] {
pt3dclear()
pt3dadd(-238.8754, 948.7358, 5082.4354, 9.0000)
}
Ia_paranode[8] {
pt3dclear()
pt3dadd(-275.9393, 949.8457, 5080.6505, 9.0000)
pt3dadd(-313.1559, 951.1793, 5078.5061, 9.0000)
pt3dadd(-350.5170, 952.7247, 5076.0211, 9.0000)
pt3dadd(-388.0148, 954.4701, 5073.2144, 9.0000)
pt3dadd(-425.6412, 956.4037, 5070.1050, 9.0000)
pt3dadd(-463.3880, 958.5139, 5066.7117, 9.0000)
pt3dadd(-501.2474, 960.7888, 5063.0535, 9.0000)
pt3dadd(-539.2112, 963.2167, 5059.1493, 9.0000)
pt3dadd(-577.2715, 965.7858, 5055.0181, 9.0000)
pt3dadd(-615.4201, 968.4843, 5050.6787, 9.0000)
pt3dadd(-653.6491, 971.3006, 5046.1501, 9.0000)
pt3dadd(-691.9504, 974.2227, 5041.4512, 9.0000)
pt3dadd(-730.3160, 977.2389, 5036.6010, 9.0000)
pt3dadd(-768.7378, 980.3375, 5031.6182, 9.0000)
pt3dadd(-807.2078, 983.5067, 5026.5220, 9.0000)
pt3dadd(-845.7181, 986.7348, 5021.3311, 9.0000)
pt3dadd(-884.2604, 990.0099, 5016.0646, 9.0000)
pt3dadd(-922.8269, 993.3203, 5010.7413, 9.0000)
pt3dadd(-961.4094, 996.6543, 5005.3801, 9.0000)
pt3dadd(-1000.0000, 1000.0000, 5000.0000, 9.0000)
}
