-65
-64.994
-64.988
-64.9821
-64.9761
-64.9702
-64.9642
-64.9583
-64.9524
-64.9465
-64.9407
-64.9348
-64.9289
-64.9231
-64.9173
-64.9114
-64.9056
-64.8998
-64.894
-64.8883
-64.8825
-64.8768
-64.871
-64.8653
-64.8596
-64.8539
-64.8482
-64.8425
-64.8369
-64.8312
-64.8256
-64.8199
-64.8143
-64.8087
-64.8031
-64.7975
-64.792
-64.7864
-64.7808
-64.7753
-64.7698
-64.7643
-64.7588
-64.7533
-64.7478
-64.7423
-64.7368
-64.7314
-64.726
-64.7205
-64.7151
-64.7097
-64.7043
-64.6989
-64.6936
-64.6882
-64.6828
-64.6838
-64.6925
-64.7011
-64.7095
-64.7179
-64.7261
-64.7342
-64.7422
-64.7502
-64.758
-64.7657
-64.7733
-64.7808
-64.7883
-64.7956
-64.8028
-64.8099
-64.817
-64.8239
-64.8307
-64.8375
-64.8442
-64.8507
-64.8572
-64.8636
-64.8699
-64.8761
-64.8822
-64.8883
-64.8943
-64.9001
-64.9059
-64.9116
-64.9173
-64.9228
-64.9283
-64.9337
-64.939
-64.9442
-64.9493
-64.9544
-64.9594
-64.9643
-64.9692
-64.974
-64.9787
-64.9833
-64.9879
-64.9923
-64.9968
-65.0011
-65.0054
-65.0096
-65.0137
-65.0178
-65.0218
-65.0257
-65.0296
-65.0334
-65.0372
-65.0409
-65.0445
-65.048
-65.0515
-65.0549
-65.0583
-65.0616
-65.0649
-65.0681
-65.0712
-65.0743
-65.0773
-65.0802
-65.0831
-65.086
-65.0888
-65.0915
-65.0942
-65.0968
-65.0994
-65.1019
-65.1043
-65.1068
-65.1091
-65.1114
-65.1137
-65.1159
-65.118
-65.1201
-65.1222
-65.1242
-65.1261
-65.128
-65.1299
-65.1317
-65.1335
-65.1352
-65.1369
-65.1385
-65.1401
-65.1416
-65.1431
-65.1446
-65.146
-65.1473
-65.1486
-65.1499
-65.1511
-65.1523
-65.1535
-65.1546
-65.1557
-65.1567
-65.1577
-65.1586
-65.1595
-65.1604
-65.1612
-65.162
-65.1628
-65.1635
-65.1641
-65.1648
-65.1654
-65.166
-65.1665
-65.167
-65.1674
-65.1678
-65.1682
-65.1686
-65.1689
-65.1692
-65.1694
-65.1696
-65.1698
-65.17
-65.1701
-65.1702
-65.1702
-65.1702
-65.1702
-65.1702
-65.1701
-65.17
-65.1699
-65.1697
-65.1695
-65.1693
-65.169
-65.1687
-65.1684
-65.1681
-65.1677
-65.1673
-65.1668
-65.1664
-65.1659
-65.1654
-65.1648
-65.1643
-65.1637
-65.1631
-65.1624
-65.1617
-65.161
-65.1603
-65.1595
-65.1588
-65.158
-65.1571
-65.1563
-65.1599
-65.166
-65.1764
-65.1874
-65.1988
-65.2101
-65.2212
-65.2322
-65.243
-65.2537
-65.2642
-65.2746
-65.2848
-65.2949
-65.3049
-65.3147
-65.3244
-65.334
-65.3434
-65.3527
-65.3618
-65.3709
-65.3798
-65.3885
-65.3972
-65.4057
-65.4141
-65.4224
-65.4305
-65.4386
-65.4465
-65.4543
-65.462
-65.4696
-65.477
-65.4844
-65.4916
-65.4988
-65.5058
-65.5127
-65.5195
-65.5262
-65.5328
-65.5393
-65.5457
-65.552
-65.5582
-65.5643
-65.5703
-65.5763
-65.5821
-65.5878
-65.5934
-65.599
-65.6044
-65.6098
-65.615
-65.6202
-65.6253
-65.6303
-65.6352
-65.64
-65.6448
-65.6494
-65.654
-65.6585
-65.6629
-65.6673
-65.6715
-65.6757
-65.6798
-65.6838
-65.6878
-65.6916
-65.6954
-65.6992
-65.7028
-65.7064
-65.7099
-65.7133
-65.7167
-65.72
-65.7232
-65.7264
-65.7294
-65.7325
-65.7354
-65.7383
-65.7411
-65.7439
-65.7466
-65.7492
-65.7518
-65.7543
-65.7567
-65.7591
-65.7614
-65.7637
-65.7659
-65.7681
-65.7701
-65.7722
-65.7741
-65.7761
-65.7779
-65.7797
-65.7854
-65.7909
-65.7964
-65.8017
-65.807
-65.8122
-65.8173
-65.8222
-65.8272
-65.832
-65.8367
-65.8413
-65.8459
-65.8504
-65.8547
-65.8591
-65.8633
-65.8674
-65.8715
-65.8755
-65.8794
-65.8832
-65.8869
-65.8906
-65.8942
-65.8977
-65.9012
-65.9045
-65.9078
-65.9111
-65.9142
-65.9173
-65.9235
-65.9313
-65.94
-65.9496
-65.9623
-65.9747
-65.987
-65.9996
-66.012
-66.0243
-66.0363
-66.0481
-66.0598
-66.0713
-66.0826
-66.0937
-66.1047
-66.1154
-66.126
-66.1365
-66.1467
-66.1568
-66.1668
-66.1765
-66.1862
-66.1956
-66.2049
-66.1402
-66.0762
-66.013
-65.9507
-65.889
-65.8282
-65.7681
-65.7087
-65.65
-65.5921
-65.5349
-65.4783
-65.4225
-65.3673
-65.3128
-65.2589
-65.2057
-65.1531
-65.1012
-65.0498
-64.9991
-64.949
-64.8994
-64.8505
-64.8021
-64.7543
-64.707
-64.6603
-64.6141
-64.5735
-64.5333
-64.4937
-64.4545
-64.4159
-64.3777
-64.3399
-64.3026
-64.2658
-64.2295
-64.1935
-64.158
-64.1229
-64.0883
-64.054
-64.0202
-63.9868
-63.9537
-63.9211
-63.8888
-63.8569
-63.8254
-63.7943
-63.7635
-63.7331
-63.703
-63.6733
-63.6439
-63.6149
-63.5862
-63.5578
-63.5297
-63.502
-63.4746
-63.4475
-63.4207
-63.3942
-63.368
-63.3421
-63.3164
-63.2911
-63.2661
-63.2413
-63.2168
-63.1926
-63.1686
-63.1449
-63.1215
-63.0983
-63.0753
-63.0527
-63.0302
-63.008
-62.9861
-62.9644
-62.9429
-62.9216
-62.9006
-62.8798
-62.8592
-62.8389
-62.8187
-62.7988
-62.7791
-62.7596
-62.7403
-62.7212
-62.7023
-62.6835
-62.665
-62.6467
-62.6286
-62.6106
-62.5929
-62.5753
-62.5579
-62.5407
-62.5236
-62.5078
-62.495
-62.4854
-62.4778
-62.4713
-62.4669
-62.4644
-62.466
-62.4686
-62.4711
-62.4735
-62.4759
-62.4793
-62.4826
-62.4859
-62.4891
-62.4923
-62.4955
-62.4985
-62.5016
-62.5046
-62.5075
-62.5104
-62.5133
-62.5161
-62.5189
-62.5216
-62.5243
-62.527
-62.5296
-62.5322
-62.5347
-62.5372
-62.5397
-62.5421
-62.5445
-62.5469
-62.5492
-62.5515
-62.5537
-62.5559
-62.5581
-62.5603
-62.5624
-62.5645
-62.5665
-62.5685
-62.5705
-62.5725
-62.5744
-62.5763
-62.5782
-62.58
-62.5818
-62.5836
-62.5854
-62.5871
-62.5888
-62.5905
-62.5921
-62.5937
-62.5953
-62.5969
-62.5984
-62.5999
-62.6014
-62.6029
-62.6043
-62.6058
-62.6072
-62.6085
-62.6099
-62.6112
-62.6125
-62.6138
-62.6151
-62.6163
-62.6175
-62.6187
-62.6199
-62.621
-62.6222
-62.6233
-62.6244
-62.6255
-62.6265
-62.6275
-62.6286
-62.6296
-62.6305
-62.6315
-62.6324
-62.6334
-62.6343
-62.6352
-62.636
-62.6369
-62.6377
-62.6386
-62.6394
-62.6402
-62.6409
-62.6417
-62.6424
-62.6432
-62.6439
-62.6446
-62.6452
-62.6459
-62.6466
-62.6472
-62.6478
-62.6484
-62.649
-62.6496
-62.6502
-62.6507
-62.6513
-62.6518
-62.6523
-62.6528
-62.6533
-62.6538
-62.6542
-62.6547
-62.6551
-62.6555
-62.6559
-62.6563
-62.6567
-62.6571
-62.6575
-62.6578
-62.6582
-62.6594
-62.6627
-62.6697
-62.6766
-62.6854
-62.6951
-62.7065
-62.7179
-62.7329
-62.7496
-62.767
-62.7843
-62.8013
-62.8181
-62.8347
-62.852
-62.8691
-62.886
-62.9026
-62.9191
-62.9353
-62.9513
-62.9672
-62.9828
-62.9982
-63.0134
-63.0285
-63.0433
-63.058
-63.0724
-63.0867
-63.1008
-63.1147
-63.1285
-63.142
-63.1554
-63.1686
-63.1817
-63.1946
-63.2073
-63.2199
-63.2323
-63.2445
-63.2566
-63.2685
-63.2803
-63.292
-63.3034
-63.3148
-63.326
-63.337
-63.3479
-63.3587
-63.3693
-63.3798
-63.3902
-63.4004
-63.4105
-63.4205
-63.4304
-63.4401
-63.4497
-63.4592
-63.4685
-63.4777
-63.4868
-63.4958
-63.5047
-63.5135
-63.5221
-63.5307
-63.5391
-63.5474
-63.5557
-63.5638
-63.5718
-63.5797
-63.5875
-63.5952
-63.6028
-63.6103
-63.6177
-63.625
-63.6322
-63.6393
-63.6463
-63.6532
-63.6601
-63.6668
-63.6735
-63.68
-63.6865
-63.6929
-63.6992
-63.7054
-63.7116
-63.7176
-63.7236
-63.7295
-63.7353
-63.7411
-63.7467
-63.7523
-63.7578
-63.7633
-63.7686
-63.7739
-63.7791
-63.7843
-63.7893
-63.7943
-63.7993
-63.8041
-63.8089
-63.8136
-63.8183
-63.8229
-63.8274
-63.8319
-63.8363
-63.8406
-63.8449
-63.8491
-63.8532
-63.8573
-63.8613
-63.8653
-63.8692
-63.8731
-63.8769
-63.8806
-63.8843
-63.8879
-63.8915
-63.8974
-63.9041
-63.9131
-63.9219
-63.9314
-63.9417
-63.9525
-63.9649
-63.977
-63.9906
-64.0056
-64.022
-64.0389
-64.0556
-64.0721
-64.0884
-64.1044
-64.1202
-64.1359
-64.152
-64.168
-64.1837
-64.1992
-64.2146
-64.2297
-64.2446
-64.2593
-64.2738
-64.2881
-64.3022
-64.3161
-64.3299
-64.3434
-64.3568
-64.3699
-64.3829
-64.3958
-64.4084
-64.4209
-64.4332
-64.4453
-64.4573
-64.4691
-64.4807
-64.4922
-64.5035
-64.5147
-64.5257
-64.5366
-64.5473
-64.5578
-64.5683
-64.5785
-64.5886
-64.5986
-64.6085
-64.6182
-64.6277
-64.6372
-64.6465
-64.6557
-64.6647
-64.6736
-64.6824
-64.691
-64.6996
-64.708
-64.7163
-64.7245
-64.7325
-64.7405
-64.7483
-64.756
-64.7636
-64.7711
-64.7784
-64.7857
-64.7929
-64.7999
-64.8069
-64.8137
-64.8204
-64.8271
-64.8336
-64.8401
-64.8464
-64.8527
-64.8588
-64.8649
-64.8708
-64.8767
-64.8825
-64.8881
-64.8937
-64.8993
-64.9047
-64.91
-64.9153
-64.9204
-64.9255
-64.9305
-64.9354
-64.9402
-64.945
-64.9497
-64.9543
-64.9588
-64.9632
-64.9676
-64.9719
-64.9761
-64.9802
-64.9843
-64.9883
-64.9922
-64.9961
-64.9999
-65.0036
-65.0073
-65.0108
-65.0144
-65.0178
-65.0212
-65.0245
-65.0278
-65.031
-65.0341
-65.0372
-65.0402
-65.0431
-65.046
-65.0489
-65.0516
-65.055
-65.0596
-65.0654
-65.0724
-65.0794
-65.0868
-65.0948
-65.1034
-65.1124
-65.1219
-65.1314
-65.1413
-65.1529
-65.1651
-65.1783
-65.1914
-65.2042
-65.2169
-65.2294
-65.2417
-65.2538
-65.2657
-65.2775
-65.2897
-65.3017
-65.3135
-65.3252
-65.3367
-65.348
-65.3592
-65.3702
-65.381
-65.3916
-65.4021
-65.4125
-65.4226
-65.4327
-65.4425
-65.4522
-65.4618
-65.4712
-65.4805
-65.4896
-65.4986
-65.5075
-65.5162
-65.5248
-65.5332
-65.5415
-65.5497
-65.5577
-65.5656
-65.5734
-65.5811
-65.5886
-65.596
-65.6033
-65.6105
-65.6175
-65.6245
-65.6313
-65.638
-65.6446
-65.6511
-65.6575
-65.6637
-65.6699
-65.676
-65.6819
-65.6878
-65.6935
-65.6991
-65.7047
-65.7101
-65.7155
-65.7207
-65.7259
-65.7309
-65.7359
-65.7408
-65.7456
-65.7502
-65.7549
-65.7594
-65.7638
-65.7681
-65.7724
-65.7766
-65.7807
-65.7847
-65.7886
-65.7924
-65.7962
-65.7999
-65.8035
-65.807
-65.8105
-65.8139
-65.8172
-65.8204
-65.8236
-65.8267
-65.8297
-65.8326
-65.8355
-65.8383
-65.841
-65.8437
-65.8463
-65.8489
-65.8513
-65.8537
-65.8561
-65.8584
-65.8606
-65.8627
-65.8648
-65.8669
-65.8689
-65.8708
-65.8726
-65.8744
-65.8762
-65.8778
-65.8795
-65.881
-65.8826
-65.884
-65.8854
-65.8868
-65.8881
-65.8893
-65.8905
-65.8922
-65.8949
-65.8981
-65.9023
-65.907
-65.9115
-65.9165
-65.922
-65.9273
-65.9331
-65.9399
-65.9465
-65.953
-65.96
-65.9684
-65.9766
-65.9858
-65.9954
-66.0048
-66.0141
-66.0232
-66.0321
-66.0409
-66.0495
-66.0581
-66.0664
-66.0746
-66.0832
-66.0917
-66.1
-66.1081
-66.1162
-66.1241
-66.1318
-66.1394
-66.1469
-66.1543
-66.1615
-66.1686
-66.1755
-66.1824
-66.1891
-66.1957
-66.2022
-66.2085
-66.2148
-66.2209
-66.2269
-66.2328
-66.2386
-66.2443
-66.2498
-66.2553
-66.2606
-66.2659
-66.271
-66.2761
-66.281
-66.2858
-66.2906
-66.2952
-66.2998
-66.3042
-66.3086
-66.3128
-66.317
-66.3211
-66.3251
-66.329
-66.3328
-66.3365
-66.3402
-66.3437
-66.3472
-66.3506
-66.3539
-66.3571
-66.3603
-66.3633
-66.3663
-66.3692
-66.3721
-66.3748
-66.3775
-66.3801
-66.3827
-66.3851
-66.3875
-66.3898
-66.3921
-66.3943
-66.3964
-66.3984
-66.4004
-66.4023
-66.4042
-66.406
-66.4077
-66.4093
-66.4109
-66.4125
-66.4139
-66.4153
-66.4167
-66.418
-66.4192
-66.4204
-66.4215
-66.4226
-66.4236
-66.4245
-66.4254
-66.4263
-66.427
-66.4278
-66.4284
-66.4291
-66.4296
-66.4302
-66.4306
-66.4311
-66.4314
-66.4318
-66.432
-66.4323
-66.4324
-66.4326
-66.4327
-66.4327
-66.4327
-66.4326
-66.4326
-66.4324
-66.4327
-66.4339
-66.435
-66.4365
-66.4394
-66.4422
-66.4449
-66.4481
-66.4516
-66.455
-66.4588
-66.463
-66.4676
-66.472
-66.4764
-66.4811
-66.4867
-66.4926
-66.4993
-66.5063
-66.5132
-66.52
-66.5267
-66.5332
-66.5396
-66.5459
-66.552
-66.5581
-66.564
-66.5698
-66.5755
-66.5815
-66.5874
-66.5932
-66.5988
-66.6044
-66.6098
-66.6151
-66.6204
-66.6255
-66.6305
-66.6353
-66.6401
-66.6448
-66.6494
-66.6539
-66.6582
-66.6625
-66.6667
-66.6708
-66.6748
-66.6786
-66.6824
-66.6861
-66.6898
-66.6933
-66.6967
-66.7001
-66.7033
-66.7065
-66.7096
-66.7126
-66.7155
-66.7184
-66.7212
-66.7238
-66.7264
-66.729
-66.7314
-66.7338
-66.7361
-66.7383
-66.7405
-66.7425
-66.7446
-66.7465
-66.7484
-66.7501
-66.7519
-66.7535
-66.7551
-66.7567
-66.7581
-66.7595
-66.7608
-66.7621
-66.7633
-66.7645
-66.7655
-66.7666
-66.7675
-66.7684
-66.7693
-66.77
-66.7708
-66.7714
-66.7721
-66.7726
-66.7731
-66.7736
-66.774
-66.7743
-66.7746
-66.7748
-66.778
-66.7811
-66.784
-66.7869
-66.7898
-66.7925
-66.7952
-66.7978
-66.8003
-66.8027
-66.805
-66.8073
-66.8095
-66.8116
-66.8137
-66.8157
-66.8176
-66.8194
-66.8212
-66.8229
-66.8245
-66.826
-66.8275
-66.829
-66.8303
-66.8316
-66.8328
-66.834
-66.8351
-66.8366
-66.8384
-66.8406
-66.8431
-66.8459
-66.8495
-66.853
-66.8564
-66.8601
-66.8641
-66.8681
-66.8724
-66.8765
-66.8814
-66.8862
-66.8908
-66.8954
-66.9002
-66.9054
-66.9113
-66.917
-66.9234
-66.9301
-66.9366
-66.9431
-66.9493
-66.9555
-66.9615
-66.9674
-66.9732
-66.9788
-66.9843
-66.9897
-66.995
-67.0002
-67.0056
-67.0109
-67.0161
-67.0212
-67.0262
-67.031
-67.0358
-67.0404
-67.0449
-67.0493
-67.0537
-67.0578
-67.0619
-67.0659
-67.0698
-67.0736
-67.0773
-67.0809
-67.0844
-67.0878
-67.0911
-67.0943
-67.0974
-67.1005
-67.1034
-67.1063
-67.109
-67.1117
-67.1143
-67.1168
-67.1193
-67.1216
-67.1239
-67.1261
-67.1282
-67.1302
-67.1321
-67.134
-67.1358
-67.1375
-67.1392
-67.1408
-67.1423
-67.1437
-67.1451
-67.1464
-67.1476
-67.1488
-67.1499
-67.1509
-67.1519
-67.1528
-67.1536
-67.1544
-67.1551
-67.1558
-67.1564
-67.1569
-67.1574
-67.1578
-67.1581
-67.1584
-67.1587
-67.1589
-67.159
-67.1591
-67.1591
-67.159
-67.159
-67.1588
-67.1586
-67.1584
-67.1581
-67.1577
-67.1574
-67.1569
-67.1564
-67.1559
-67.1553
-67.1547
-67.154
-67.1533
-67.1525
-67.1517
-67.1508
-67.1499
-67.149
-67.148
-67.1469
-67.1459
-67.1447
-67.1436
-67.1424
-67.1411
-67.1399
-67.1385
-67.1372
-67.1358
-67.1347
-67.134
-67.1336
-67.1332
-67.1331
-67.134
-67.135
-67.1358
-67.1366
-67.1377
-67.1391
-67.1404
-67.1417
-67.1433
-67.1452
-67.1473
-67.1495
-67.1515
-67.1534
-67.1557
-67.1582
-67.1614
-67.1645
-67.1683
-67.1723
-67.1763
-67.1801
-67.1838
-67.1875
-67.191
-67.1944
-67.1978
-67.201
-67.2042
-67.2072
-67.2102
-67.2131
-67.2158
-67.2185
-67.2215
-67.2244
-67.2272
-67.2299
-67.2325
-67.2351
-67.2375
-67.2399
-67.2422
-67.2444
-67.2465
-67.2485
-67.2505
-67.2524
-67.2542
-67.2559
-67.2576
-67.2591
-67.2606
-67.2621
-67.2634
-67.2647
-67.266
-67.2671
-67.2682
-67.2692
-67.2702
-67.271
-67.2719
-67.2726
-67.2733
-67.2739
-67.2745
-67.275
-67.2755
-67.2759
-67.2762
-67.2765
-67.2767
-67.2768
-67.2769
-67.277
-67.2769
-67.2769
-67.2768
-67.2766
-67.2763
-67.2761
-67.2757
-67.2754
-67.2749
-67.2744
-67.2739
-67.2733
-67.2727
-67.272
-67.2713
-67.2705
-67.2697
-67.2688
-67.2679
-67.267
-67.266
-67.2649
-67.2639
-67.2627
-67.2616
-67.2604
-67.2591
-67.2578
-67.2565
-67.2551
-67.2537
-67.2522
-67.2507
-67.2492
-67.2476
-67.246
-67.2444
-67.2427
-67.241
-67.2392
-67.2375
-67.2356
-67.2338
-67.2319
-67.23
-67.228
-67.226
-67.224
-67.2219
-67.2198
-67.2177
-67.2155
-67.2137
-67.2119
-67.2107
-67.2095
-67.2086
-67.2081
-67.2082
-67.2083
-67.2083
-67.2083
-67.2086
-67.2092
-67.2098
-67.2102
-67.211
-67.2118
-67.2131
-67.2145
-67.2157
-67.2169
-67.218
-67.2195
-67.2212
-67.2235
-67.2258
-67.2284
-67.2313
-67.2344
-67.2374
-67.2404
-67.2432
-67.246
-67.2487
-67.2512
-67.2538
-67.2562
-67.2585
-67.2608
-67.2629
-67.265
-67.267
-67.2689
-67.2708
-67.2729
-67.275
-67.277
-67.2789
-67.2807
-67.2824
-67.2841
-67.2857
-67.2872
-67.2886
-67.29
-67.2913
-67.2926
-67.2937
-67.2948
-67.2958
-67.2968
-67.2977
-67.2985
-67.2993
-67.3
-67.3006
-67.3012
-67.3017
-67.3021
-67.3025
-67.3029
-67.3031
-67.3034
-67.3035
-67.3036
-67.3037
-67.3036
-67.3036
-67.3035
-67.3033
-67.3031
-67.3028
-67.3024
-67.3021
-67.3016
-67.3011
-67.3006
-67.3
-67.2994
-67.2987
-67.298
-67.2972
-67.2964
-67.2955
-67.2946
-67.2937
-67.2927
-67.2916
-67.2905
-67.2894
-67.2882
-67.287
-67.2857
-67.2844
-67.2831
-67.2817
-67.2803
-67.2788
-67.2773
-67.2758
-67.2742
-67.2726
-67.271
-67.2693
-67.2676
-67.2658
-67.264
-67.2622
-67.2603
-67.2584
-67.2565
-67.2545
-67.2525
-67.2505
-67.2484
-67.2463
-67.2441
-67.242
-67.2398
-67.2375
-67.2353
-67.233
-67.2307
-67.2283
-67.2263
-67.2242
-67.2229
-67.2215
-67.2201
-67.219
-67.2186
-67.2185
-67.2183
-67.2181
-67.2182
-67.2183
-67.2187
-67.219
-67.2192
-67.2194
-67.2199
-67.2207
-67.2219
-67.2229
-67.2239
-67.2248
-67.2257
-67.2268
-67.2283
-67.2304
-67.2324
-67.2344
-67.237
-67.2399
-67.2427
-67.2454
-67.248
-67.2505
-67.2529
-67.2553
-67.2576
-67.2598
-67.2619
-67.2639
-67.2659
-67.2678
-67.2696
-67.2713
-67.2729
-67.2745
-67.276
-67.2778
-67.2795
-67.2812
-67.2827
-67.2842
-67.2856
-67.287
-67.2883
-67.2895
-67.2906
-67.2917
-67.2927
-67.2936
-67.2945
-67.2953
-67.296
-67.2967
-67.2973
-67.2978
-67.2983
-67.2988
-67.2991
-67.2994
-67.2997
-67.2999
-67.3
-67.3001
-67.3001
-67.3001
-67.3
-67.2999
-67.2997
-67.2994
-67.2991
-67.2988
-67.2984
-67.2979
-67.2974
-67.2969
-67.2963
-67.2956
-67.2949
-67.2942
-67.2934
-67.2925
-67.2917
-67.2907
-67.2898
-67.2887
-67.2877
-67.2866
-67.2854
-67.2842
-67.283
-67.2817
-67.2804
-67.2791
-67.2777
-67.2762
-67.2748
-67.2733
-67.2717
-67.2701
-67.2685
-67.2668
-67.2651
-67.2634
-67.2616
-67.2598
-67.258
-67.2561
-67.2542
-67.2522
-67.2502
-67.2482
-67.2462
-67.2441
-67.242
-67.2398
-67.2376
-67.2354
-67.2332
-67.2309
-67.2286
-67.2263
-67.2239
-67.2219
-67.2198
-67.2181
-67.2167
-67.2153
-67.2142
-67.2134
-67.2133
-67.2131
-67.2129
-67.2127
-67.2128
-67.2128
-67.2131
-67.2134
-67.2136
-67.2137
-67.2142
-67.215
-67.216
-67.217
-67.218
-67.2189
-67.2197
-67.2204
-67.2215
-67.2228
-67.2249
-67.2268
-67.2287
-67.2312
-67.2336
-67.2363
-67.2389
-67.2415
-67.2439
-67.2463
-67.2486
-67.2508
-67.2529
-67.2549
-67.2569
-67.2588
-67.2606
-67.2623
-67.264
-67.2656
-67.2671
-67.2685
-67.2699
-67.2712
-67.2728
-67.2743
-67.2757
-67.2771
-67.2784
-67.2796
-67.2808
-67.2819
-67.2829
-67.2838
-67.2847
-67.2855
-67.2863
-67.287
-67.2876
-67.2882
-67.2887
-67.2892
-67.2896
-67.2899
-67.2902
-67.2904
-67.2905
-67.2906
-67.2907
-67.2906
-67.2906
-67.2905
-67.2903
-67.2901
-67.2898
-67.2894
-67.2891
-67.2886
-67.2881
-67.2876
-67.287
-67.2864
-67.2857
-67.285
-67.2842
-67.2834
-67.2825
-67.2816
-67.2807
-67.2797
-67.2786
-67.2775
-67.2764
-67.2752
-67.274
-67.2728
-67.2715
-67.2701
-67.2687
-67.2673
-67.2659
-67.2644
-67.2628
-67.2613
-67.2597
-67.258
-67.2563
-67.2546
-67.2528
-67.251
-67.2492
-67.2473
-67.2454
-67.2435
-67.2415
-67.2395
-67.2375
-67.2354
-67.2333
-67.2312
-67.229
-67.2268
-67.2246
-67.2223
-67.2201
-67.2177
-67.2154
-67.2134
-67.2117
-67.2103
-67.209
-67.2075
-67.2064
-67.2057
-67.2056
-67.2054
-67.2053
-67.205
-67.2051
-67.2051
-67.2055
-67.2057
-67.206
-67.2061
-67.2066
-67.207
-67.2078
-67.2088
-67.2098
-67.2107
-67.2115
-67.2123
-67.213
-67.214
-67.2153
-67.2173
-67.2192
-67.2211
-67.2232
-67.2256
-67.2283
-67.0992
-66.971
-66.8436
-66.7171
-66.5914
-66.4664
-66.3423
-66.2189
-66.0963
-65.9744
-65.8533
-65.7328
-65.6131
-65.4941
-65.3758
-65.2582
-65.1413
-65.025
-64.9093
-64.7943
-64.6806
-64.5675
-64.4551
-64.3432
-64.2319
-64.1213
-64.0111
-63.9016
-63.7926
-63.6841
-63.5762
-63.4687
-63.3618
-63.2554
-63.1495
-63.0441
-62.9391
-62.8346
-62.7305
-62.6269
-62.5237
-62.421
-62.3186
-62.2167
-62.1152
-62.014
-61.9132
-61.8128
-61.7128
-61.6131
-61.5137
-61.4147
-61.316
-61.2176
-61.1195
-61.0217
-60.9242
-60.827
-60.73
-60.6333
-60.5369
-60.4406
-60.3446
-60.2489
-60.1533
-60.0579
-59.9627
-59.8677
-59.7729
-59.6782
-59.5837
-59.4893
-59.395
-59.3008
-59.2068
-59.1128
-59.0189
-58.9251
-58.8314
-58.7377
-58.644
-58.5504
-58.4567
-58.3631
-58.2694
-58.1758
-58.082
-57.9882
-57.8944
-57.8004
-57.7064
-57.6122
-57.5179
-57.4234
-57.3288
-57.234
-57.139
-57.0438
-56.9483
-56.8543
-56.7618
-56.6707
-56.5794
-56.4877
-56.3974
-56.3086
-56.2212
-56.1353
-56.0489
-55.9621
-55.8749
-55.7891
-55.7027
-55.6177
-55.5322
-55.4462
-55.3595
-55.2722
-55.1862
-55.1016
-55.0182
-54.9341
-54.8493
-54.7637
-54.6773
-54.5901
-54.5041
-54.4171
-54.3313
-54.2466
-54.1631
-54.0785
-53.9928
-53.9104
-53.8268
-53.7442
-53.6605
-53.5755
-53.4893
-53.4018
-53.3129
-53.2225
-53.1307
-53.0373
-52.9422
-52.8454
-52.7468
-52.6463
-52.5438
-52.4392
-52.3324
-52.2233
-52.1117
-51.9974
-51.8804
-51.7605
-51.6375
-51.5135
-51.3861
-51.255
-51.1199
-50.9805
-50.8366
-50.6878
-50.5337
-50.3738
-50.2077
-50.0349
-49.8546
-49.6662
-49.4689
-49.2618
-49.0437
-48.8134
-48.5694
-48.3099
-48.0328
-47.7357
-47.4152
-47.0675
-46.6878
-46.2697
-45.8049
-45.2823
-44.6866
-43.9955
-43.1762
-42.1762
-40.9075
-39.2076
-36.7442
-32.7425
-25.2141
-10.346
8.71994
22.6446
31.5434
37.2347
40.9178
43.329
44.9232
45.9853
46.6959
47.1712
47.4865
47.6918
47.8199
47.8932
47.9268
47.9311
47.9132
47.8782
47.8295
47.7696
47.7003
47.6226
47.5375
47.4456
47.3472
47.2425
47.1317
47.0148
46.8919
46.7628
46.6274
46.3912
46.1602
45.9319
45.7045
45.4764
45.2462
45.013
44.762
44.5075
44.221
43.9318
43.6389
43.3276
43.0119
42.6774
42.3104
41.94
41.5651
41.185
40.7989
40.3924
39.9796
39.5463
39.1065
38.6597
38.2054
37.7431
37.259
36.7671
36.2536
35.719
35.1771
34.6276
34.0701
33.5046
32.9308
32.3355
31.7323
31.1081
30.4636
29.7993
29.1284
28.4509
27.7416
27.0267
26.2938
25.5556
24.8122
24.0636
23.3098
22.5509
21.787
21.0181
20.2445
19.4662
18.6834
17.8964
17.1052
16.3102
15.5115
14.7093
13.904
13.0957
12.2847
11.4713
10.6557
9.83818
9.01922
8.12899
7.23229
6.34054
5.45466
4.57549
3.70377
2.84019
1.92015
0.883609
-0.134974
-1.1976
-2.23902
-3.31948
-4.43512
-5.58222
-6.75715
-7.90049
-9.01293
-10.1491
-11.3059
-12.4288
-13.671
-14.9228
-16.1339
-17.4003
-18.6703
-19.9423
-21.171
-22.3588
-23.5078
-24.62
-25.6972
-26.741
-27.7527
-28.7337
-29.6849
-30.6073
-31.5016
-32.3685
-33.2087
-34.0227
-34.8111
-35.5742
-36.3128
-37.0274
-37.7185
-38.3868
-39.033
-39.6579
-40.2622
-40.8468
-41.4123
-41.9598
-42.49
-43.0038
-43.502
-43.9853
-44.4546
-44.9106
-45.3539
-45.7851
-46.2047
-46.6134
-47.0114
-47.3992
-47.7772
-48.1455
-48.5045
-48.8544
-49.1953
-49.5275
-49.851
-50.1687
-50.4779
-50.7813
-51.079
-51.3684
-51.6498
-51.9256
-52.1958
-52.4605
-52.7196
-52.9712
-53.2152
-53.4518
-53.6813
-53.9059
-54.1235
-54.3364
-54.5426
-54.7423
-54.9357
-55.123
-55.3061
-55.4834
-55.6567
-55.8263
-55.9903
-56.1489
-56.3023
-56.4506
-56.5939
-56.7325
-56.8681
-56.9991
-57.1273
-57.2512
-57.3741
-57.4927
-57.6073
-57.7195
-57.8293
-57.9354
-58.0392
-58.1394
-58.236
-58.3291
-58.4189
-58.5055
-58.5888
-58.6692
-58.7465
-58.821
-58.8926
-58.9616
-59.0269
-59.0897
-59.15
-59.207
-59.2616
-59.314
-59.3643
-59.4124
-59.4584
-59.5015
-59.5426
-59.5819
-59.6194
-59.6545
-59.6879
-59.7186
-59.7478
-59.7744
-59.7976
-59.8194
-59.8398
-59.8579
-59.8748
-59.8894
-59.9028
-59.9151
-59.9262
-59.9362
-59.9442
-59.9512
-59.9572
-59.9612
-59.9624
-59.9627
-59.9592
-59.955
-59.95
-59.9443
-59.9369
-59.9289
-59.9202
-59.9109
-59.901
-59.8904
-59.8793
-59.8676
-59.8554
-59.8426
-59.8293
-59.8144
-59.7991
-59.7833
-59.7671
-59.7504
-59.7332
-59.7156
-59.6976
-59.6792
-59.6603
-59.6411
-59.6214
-59.6014
-59.581
-59.5603
-59.5391
-59.519
-59.4999
-59.4818
-59.4633
-59.4444
-59.4265
-59.4096
-59.3951
-59.3801
-59.3647
-59.3488
-59.3325
-59.3172
-59.3015
-59.2867
-59.2715
-59.2559
-59.2399
-59.2248
-59.2094
-59.1949
-59.1814
-59.1675
-59.1531
-59.1383
-59.123
-59.1074
-59.0913
-59.0748
-59.0594
-59.0435
-59.0287
-59.0149
-59.0021
-58.9888
-58.9751
-58.961
-58.9493
-58.9372
-58.9245
-58.9129
-58.9009
-58.8883
-58.8753
-58.8619
-58.8481
-58.8338
-58.819
-58.8039
-58.7884
-58.7724
-58.7561
-58.7394
-58.7222
-58.7048
-58.6869
-58.6687
-58.6501
-58.6311
-58.6119
-58.5922
-58.5722
-58.5519
-58.5313
-58.5103
-58.489
-58.4674
-58.4454
-58.4232
-58.4007
-58.3778
-58.3546
-58.3312
-58.309
-58.2865
-58.2636
-58.2405
-58.2171
-58.1934
-58.1802
-58.1666
-58.1525
-58.138
-58.1231
-58.1078
-58.0921
-58.076
-58.0594
-58.0425
-58.0252
-58.0075
-57.9895
-57.971
-57.9522
-57.9331
-57.9135
-57.8937
-57.8734
-57.8529
-57.8319
-57.8107
-57.7891
-57.7672
-57.7449
-57.7223
-57.6994
-57.6762
-57.6527
-57.6288
-57.6047
-57.5802
-57.5554
-57.5304
-57.505
-57.4793
-57.4534
-57.4271
-57.4006
-57.3738
-57.3467
-57.3193
-57.2916
-57.2636
-57.2354
-57.2069
-57.1798
-57.1541
-57.1298
-57.1051
-57.0818
-57.0599
-57.0393
-57.0201
-57.0005
-56.9804
-56.9601
-56.941
-56.9215
-56.9034
-56.8849
-56.866
-56.8466
-56.8287
-56.8103
-56.7932
-56.7774
-56.7612
-56.7446
-56.7276
-56.7101
-56.6922
-56.6739
-56.6569
-56.6395
-56.6217
-56.6052
-56.5918
-56.5779
-56.5636
-56.5488
-56.5353
-56.5231
-56.5104
-56.4972
-56.4854
-56.473
-56.4601
-56.4468
-56.433
-56.4187
-56.404
-56.3888
-56.3731
-56.357
-56.3404
-56.3234
-56.306
-56.2881
-56.2697
-56.251
-56.2318
-56.2122
-56.1922
-56.1718
-56.1509
-56.1297
-56.108
-56.086
-56.0635
-56.0407
-56.0174
-55.9938
-55.9697
-55.9453
-55.9205
-55.8953
-55.8697
-55.8456
-55.8211
-55.7962
-55.7709
-55.7452
-55.7192
-55.6927
-55.6659
-55.6387
-55.6111
-55.5831
-55.5547
-55.526
-55.4969
-55.4673
-55.4375
-55.4072
-55.3766
-55.3456
-55.3142
-55.2824
-55.2503
-55.2177
-55.1848
-55.1516
-55.1179
-55.0839
-55.0495
-55.0147
-54.9795
-54.9439
-54.908
-54.8717
-54.8349
-54.7978
-54.7603
-54.7224
-54.6842
-54.6455
-54.6064
-54.5669
-54.527
-54.4867
-54.446
-54.4048
-54.3777
-54.35
-54.3218
-54.2932
-54.2641
-54.2345
-54.2064
-54.1779
-54.151
-54.1256
-54.0997
-54.0754
-54.0505
-54.0273
-54.0076
-53.9874
-53.9667
-53.9454
-53.9236
-53.9033
-53.8824
-53.8631
-53.8432
-53.8227
-53.8017
-53.7801
-53.7601
-53.7395
-53.7204
-53.7029
-53.6848
-53.6661
-53.6468
-53.6269
-53.6064
-53.5853
-53.5658
-53.5457
-53.525
-53.5058
-53.4904
-53.4743
-53.4577
-53.4404
-53.4225
-53.4083
-53.3934
-53.378
-53.3641
-53.3495
-53.3343
-53.3185
-53.302
-53.2849
-53.2671
-53.2488
-53.2297
-53.2101
-53.1898
-53.1689
-53.1473
-53.1251
-53.1022
-53.0788
-53.0546
-53.0299
-53.0045
-52.9784
-52.9517
-52.9243
-52.8963
-52.8677
-52.8383
-52.8084
-52.7777
-52.7464
-52.7144
-52.6817
-52.6483
-52.6142
-52.5794
-52.544
-52.5078
-52.4709
-52.4356
-52.3995
-52.3627
-52.3252
-52.2869
-52.2478
-52.208
-52.1674
-52.126
-52.0838
-52.0408
-51.9969
-51.9522
-51.9067
-51.8603
-51.813
-51.7648
-51.7157
-51.6656
-51.6146
-51.5627
-51.5097
-51.4558
-51.4008
-51.3447
-51.2876
-51.2293
-51.1699
-51.1094
-51.0477
-50.9847
-50.9205
-50.8549
-50.7881
-50.7198
-50.6502
-50.5791
-50.5064
-50.4322
-50.3564
-50.279
-50.1997
-50.1188
-50.0359
-49.9511
-49.8643
-49.7754
-49.6843
-49.591
-49.4979
-49.4024
-49.3072
-49.212
-49.1142
-49.0135
-48.9128
-48.8118
-48.7105
-48.6089
-48.504
-48.3956
-48.2837
-48.1679
-48.051
-47.9299
-47.8073
-47.6801
-47.548
-47.4107
-47.2678
-47.1219
-46.9698
-46.8139
-46.651
-46.4833
-46.3075
-46.1227
-45.9282
-45.723
-45.5062
-45.2763
-45.0321
-44.775
-44.5001
-44.2084
-43.8939
-43.5601
-43.1965
-42.798
-42.358
-41.868
-41.3241
-40.7045
-39.9883
-39.1489
-38.1379
-36.885
-35.2756
-33.1139
-30.0562
-25.523
-18.7883
-9.86036
-0.394929
7.96735
14.7564
20.1289
24.385
27.7732
30.483
32.6584
34.41
35.8229
36.9631
37.8824
38.6212
39.2118
39.6794
40.0446
40.3236
40.5296
40.6733
40.7635
40.8071
40.8101
40.7772
40.7124
40.619
40.4998
40.3569
40.1923
40.0076
39.7905
39.5567
39.307
39.0421
38.7627
38.4691
38.1618
37.8413
37.5077
37.1614
36.8026
36.4316
36.0484
35.6532
35.2463
34.8276
34.3975
33.9559
33.503
33.039
32.5638
32.0778
31.5809
31.0733
30.5551
30.0264
29.4875
28.9384
28.3793
27.8104
27.2318
26.6436
26.0462
25.4396
24.824
24.1998
23.5669
22.9258
22.2766
21.6195
20.9547
20.2826
19.6034
18.9173
18.2245
17.5254
16.8201
16.0979
15.3705
14.6163
13.782
12.9468
12.1109
11.2638
10.4063
9.46686
8.37925
7.30311
6.17021
4.9854
3.8202
2.53439
1.27563
-0.0192408
-1.29273
-2.59657
-3.98614
-5.33649
-6.81907
-8.31772
-9.8208
-11.3853
-12.8935
-14.4047
-15.8609
-17.2645
-18.6183
-19.9246
-21.186
-22.4046
-23.5826
-24.7279
-25.836
-26.9087
-27.9527
-28.9691
-29.9585
-30.9166
-31.8442
-32.7423
-33.6114
-34.4615
-35.2836
-36.0783
-36.8507
-37.5969
-38.3179
-39.0143
-39.687
-40.337
-40.9651
-41.5724
-42.1597
-42.7281
-43.2784
-43.8117
-44.3288
-44.8306
-45.3177
-45.791
-46.2511
-46.6985
-47.1337
-47.5573
-47.9695
-48.3707
-48.7612
-49.1412
-49.511
-49.8707
-50.2206
-50.5608
-50.8914
-51.2126
-51.5247
-51.8277
-52.1218
-52.4072
-52.6841
-52.9527
-53.213
-53.4654
-53.71
-53.9469
-54.1785
-54.4027
-54.6199
-54.8301
-55.0335
-55.2303
-55.4208
-55.6051
-55.7833
-55.9556
-56.1223
-56.2834
-56.4392
-56.5898
-56.7353
-56.8758
-57.0117
-57.1429
-57.2696
-57.392
-57.5101
-57.6242
-57.7343
-57.8405
-57.943
-58.0419
-58.1373
-58.2292
-58.3178
-58.4032
-58.4855
-58.5648
-58.6411
-58.7145
-58.7852
-58.8532
-58.9186
-58.9815
-59.0418
-59.0998
-59.1555
-59.2089
-59.2601
-59.3092
-59.3576
-59.4039
-59.451
-59.4961
-59.5392
-59.5804
-59.6212
-59.6601
-59.6986
-59.738
-59.7756
-59.8115
-59.8457
-59.8782
-59.9092
-59.9399
-59.9691
-59.9968
-60.0243
-60.0503
-60.075
-60.0983
-60.1202
-60.1421
-60.1627
-60.1821
-60.2015
-60.2209
-60.2391
-60.2562
-60.272
-60.2867
-60.3003
-60.3128
-60.3243
-60.3348
-60.3455
-60.3552
-60.3639
-60.3729
-60.3822
-60.3918
-60.4005
-60.4082
-60.415
-60.4208
-60.4271
-60.4337
-60.4395
-60.4444
-60.4497
-60.4541
-60.4577
-60.4605
-60.4625
-60.4637
-60.4642
-60.4639
-60.4629
-60.4612
-60.4589
-60.4558
-60.4521
-60.4477
-60.4427
-60.4371
-60.4309
-60.424
-60.4166
-60.4087
-60.4001
-60.3911
-60.3815
-60.3714
-60.3607
-60.3496
-60.3379
-60.3258
-60.3132
-60.3002
-60.2867
-60.2727
-60.2583
-60.2435
-60.2282
-60.2126
-60.1965
-60.18
-60.1632
-60.1459
-60.1283
-60.1116
-60.0945
-60.077
-60.0591
-60.0409
-60.0223
-60.0034
-59.9841
-59.9645
-59.9445
-59.9242
-59.9036
-59.8826
-59.8614
-59.8398
-59.8179
-59.7957
-59.7732
-59.7504
-59.7273
-59.7039
-59.6803
-59.6563
-59.6321
-59.6077
-59.5829
-59.5579
-59.5326
-59.5071
-59.4813
-59.4552
-59.4289
-59.4024
-59.3756
-59.3485
-59.3213
-59.2938
-59.266
-59.238
-59.2098
-59.1828
-59.1556
-59.1281
-59.1032
-59.0781
-59.0526
-59.0269
-59.0024
-58.9777
-58.9541
-58.9331
-58.9117
-58.8901
-58.8681
-58.8458
-58.8232
-58.8003
-58.7786
-58.7566
-58.7342
-58.713
-58.6915
-58.6697
-58.6475
-58.625
-58.6037
-58.5821
-58.5601
-58.5394
-58.5183
-58.4984
-58.4781
-58.4575
-58.4365
-58.4152
-58.3936
-58.3716
-58.3494
-58.3268
-58.3054
-58.2837
-58.2616
-58.2408
-58.2196
-58.2012
-58.1824
-58.1633
-58.1438
-58.1239
-58.1052
-58.0877
-58.0698
-58.0516
-58.0345
-58.017
-57.9992
-57.981
-57.9623
-57.9434
-57.924
-57.9043
-57.8842
-57.8637
-57.8429
-57.8217
-57.8002
-57.7783
-57.7561
-57.7336
-57.7107
-57.6875
-57.664
-57.6401
-57.6159
-57.5914
-57.5666
-57.5415
-57.516
-57.4902
-57.4642
-57.4378
-57.4111
-57.3841
-57.3568
-57.3292
-57.3013
-57.2732
-57.2447
-57.2159
-57.1869
-57.1575
-57.1279
-57.098
-57.0678
-57.0373
-57.0066
-56.9772
-56.9476
-56.9177
-56.8875
-56.857
-56.8262
-56.7951
-56.7637
-56.732
-56.7001
-56.6679
-56.6353
-56.6025
-56.5694
-56.536
-56.5024
-56.4684
-56.4342
-56.3997
-56.3649
-56.3298
-56.2944
-56.2588
-56.2228
-56.1866
-56.1501
-56.1133
-56.0762
-56.0389
-56.0012
-55.9633
-55.925
-55.8865
-55.8477
-55.8086
-55.7692
-55.7295
-55.6914
-55.6529
-55.6161
-55.5941
-55.5716
-55.5487
-55.5254
-55.5035
-55.4812
-55.4604
-55.4429
-55.425
-55.4066
-55.3877
-55.3683
-55.3485
-55.3282
-55.3094
-55.2901
-55.2703
-55.252
-55.2332
-55.2139
-55.1941
-55.1739
-55.1531
-55.1339
-55.1142
-55.094
-55.0753
-55.058
-55.0403
-55.022
-55.0033
-54.984
-54.9643
-54.944
-54.9233
-54.9021
-54.8804
-54.8602
-54.8395
-54.8184
-54.7987
-54.7785
-54.7618
-54.7446
-54.7269
-54.7087
-54.6899
-54.6706
-54.6529
-54.6366
-54.6197
-54.6024
-54.5865
-54.5701
-54.5532
-54.5357
-54.5177
-54.4991
-54.48
-54.4604
-54.4403
-54.4196
-54.3984
-54.3767
-54.3545
-54.3461
-54.3372
-54.3276
-54.3174
-54.3066
-54.2952
-54.2833
-54.2707
-54.2576
-54.2438
-54.2295
-54.2147
-54.1992
-54.1832
-54.1666
-54.1494
-54.1317
-54.1134
-54.0946
-54.0752
-54.0552
-54.0347
-54.0136
-53.992
-53.9698
-53.947
-53.9237
-53.8999
-53.8755
-53.8506
-53.8251
-53.799
-53.7745
-53.7495
-53.7239
-53.6977
-53.671
-53.6437
-53.6158
-53.5874
-53.5584
-53.5288
-53.4986
-53.4679
-53.4366
-53.4047
-53.3723
-53.3392
-53.3056
-53.2713
-53.2365
-53.2011
-53.165
-53.1284
-53.0911
-53.0532
-53.0147
-52.9755
-52.9357
-52.8953
-52.8542
-52.8124
-52.77
-52.7269
-52.6831
-52.6409
-52.598
-52.5567
-52.5169
-52.4764
-52.4352
-52.3933
-52.3529
-52.3117
-52.2722
-52.2342
-52.1977
-52.1605
-52.1225
-52.0837
-52.0441
-52.0037
-51.9624
-51.9227
-51.8822
-51.8407
-51.8009
-51.7601
-51.7185
-51.6759
-51.6325
-51.5882
-51.5453
-51.5015
-51.4567
-51.4134
-51.3691
-51.3262
-51.2824
-51.2376
-51.1917
-51.1447
-51.0967
-51.0476
-50.9974
-50.946
-50.8935
-50.8423
-50.7899
-50.7362
-50.6838
-50.6302
-50.5804
-50.5292
-50.4768
-50.4231
-50.3679
-50.3114
-50.256
-50.2018
-50.1461
-50.0889
-50.0301
-49.9725
-49.9132
-49.8522
-49.7896
-49.7252
-49.659
-49.591
-49.521
-49.449
-49.375
-49.2988
-49.2204
-49.1396
-49.0564
-48.9707
-48.8824
-48.7913
-48.6973
-48.6002
-48.5
-48.3965
-48.2894
-48.1786
-48.0639
-47.9451
-47.8218
-47.6939
-47.5609
-47.4227
-47.2787
-47.1287
-46.9721
-46.8084
-46.6371
-46.4574
-46.2688
-46.0702
-45.8609
-45.6395
-45.405
-45.1557
-44.8898
-44.6054
-44.2997
-43.9697
-43.6152
-43.228
-42.8024
-42.3306
-41.8026
-41.2045
-40.5176
-39.7147
-38.7555
-37.5781
-36.0818
-34.0951
-31.3134
-27.1973
-20.9442
-12.1414
-2.17739
6.88286
14.2712
20.0894
24.6684
28.2915
31.1734
33.4764
35.3237
36.8097
38.0069
38.9719
39.7486
40.3588
40.844
41.2256
41.5075
41.7047
41.8427
41.9298
41.9731
41.9647
41.9238
41.8406
41.719
41.5626
41.3877
41.1956
40.9874
40.7638
40.5257
40.2736
40.0079
39.7155
39.4113
39.0953
38.7541
38.4023
38.0399
37.6669
37.2832
36.889
36.4706
36.0423
35.6041
35.1425
34.6714
34.1776
33.6749
33.1632
32.6424
32.1125
31.5735
31.0253
30.468
29.9016
29.3262
28.7418
28.1358
27.5215
26.8117
25.9117
25.0147
24.0112
22.8472
21.6148
20.3182
18.9617
17.628
16.3161
14.9265
13.4866
12.0005
10.3284
8.68768
6.95046
5.12872
3.29956
1.53169
-0.1764
-1.82633
-3.41983
-4.95871
-6.44487
-7.88026
-9.2669
-10.6068
-11.9022
-13.155
-14.3674
-15.5415
-16.6793
-17.7829
-18.8543
-19.8952
-20.9075
-21.8929
-22.853
-23.7893
-24.7029
-25.5951
-26.467
-27.3194
-28.153
-28.9684
-29.7661
-30.5464
-31.3095
-32.0557
-32.785
-33.4974
-34.193
-34.8718
-35.5338
-36.179
-36.8076
-37.4195
-38.0151
-38.5944
-39.1577
-39.7054
-40.2417
-40.7629
-41.2695
-41.7619
-42.2406
-42.7062
-43.1592
-43.6
-44.0291
-44.447
-44.8542
-45.2511
-45.6381
-46.0156
-46.384
-46.7435
-47.0944
-47.437
-47.7715
-48.0981
-48.4169
-48.7283
-49.0322
-49.3289
-49.6184
-49.9034
-50.1815
-50.4526
-50.7195
-50.9821
-51.2379
-51.4871
-51.7297
-51.9683
-52.2005
-52.4264
-52.6484
-52.8665
-53.0808
-53.2891
-53.4915
-53.6881
-53.8791
-54.0646
-54.2447
-54.4216
-54.5933
-54.7599
-54.9216
-55.0804
-55.2344
-55.3838
-55.5286
-55.6691
-55.8052
-55.939
-56.0687
-56.1943
-56.316
-56.4357
-56.5533
-56.6672
-56.7775
-56.8843
-56.9876
-57.0876
-57.1844
-57.278
-57.3685
-57.456
-57.5406
-57.624
-57.7045
-57.7824
-57.8575
-57.9317
-58.0033
-58.0755
-58.1452
-58.2124
-58.2773
-58.3398
-58.4001
-58.4582
-58.5171
-58.5739
-58.6286
-58.6812
-58.7333
-58.7834
-58.8316
-58.8779
-58.9224
-58.965
-59.006
-59.0452
-59.0828
-59.1188
-59.1532
-59.1861
-59.2175
-59.2474
-59.276
-59.3031
-59.3289
-59.3533
-59.3765
-59.3984
-59.4191
-59.4386
-59.457
-59.4742
-59.4902
-59.5052
-59.5192
-59.5321
-59.544
-59.5549
-59.5648
-59.5738
-59.5818
-59.589
-59.5953
-59.6007
-59.6053
-59.609
-59.612
-59.6141
-59.6155
-59.6161
-59.616
-59.6152
-59.6136
-59.6114
-59.6084
-59.6049
-59.6006
-59.5971
-59.5929
-59.5881
-59.5827
-59.5766
-59.57
-59.5628
-59.555
-59.5466
-59.5377
-59.5282
-59.5182
-59.5077
-59.4967
-59.4851
-59.4731
-59.4606
-59.4476
-59.4341
-59.4202
-59.4058
-59.3923
-59.3785
-59.3641
-59.3507
-59.3383
-59.3253
-59.312
-59.2981
-59.2838
-59.2705
-59.2568
-59.244
-59.2321
-59.2212
-59.2098
-59.1979
-59.1855
-59.1727
-59.1595
-59.1457
-59.1316
-59.1184
-59.1048
-59.0908
-59.0763
-59.0628
-59.0489
-59.0345
-59.0197
-59.0045
-58.9889
-58.9729
-58.9579
-58.9425
-58.9267
-58.9119
-58.8967
-58.8826
-58.868
-58.853
-58.8376
-58.8218
-58.8056
-58.7889
-58.7719
-58.7545
-58.7368
-58.7186
-58.7016
-58.6841
-58.6663
-58.6481
-58.6311
-58.6136
-58.5988
-58.5835
-58.5678
-58.5518
-58.5353
-58.5184
-58.5012
-58.485
-58.47
-58.4546
-58.4387
-58.4225
-58.4073
-58.3918
-58.3758
-58.3595
-58.3427
-58.3256
-58.3081
-58.2901
-58.2719
-58.2532
-58.2342
-58.2148
-58.195
-58.1749
-58.1544
-58.1336
-58.1125
-58.091
-58.0692
-58.047

