-65
-64.9943
-64.9886
-64.9829
-64.9772
-64.9716
-64.9659
-64.9603
-64.9546
-64.949
-64.9434
-64.9378
-64.9322
-64.9266
-64.9211
-64.9155
-64.91
-64.9045
-64.899
-64.8935
-64.888
-64.8825
-64.877
-64.8715
-64.8661
-64.8607
-64.8552
-64.8498
-64.8444
-64.839
-64.8336
-64.8283
-64.8229
-64.8176
-64.8122
-64.8069
-64.8016
-64.7963
-64.791
-64.7857
-64.7804
-64.7752
-64.7699
-64.7647
-64.7595
-64.7542
-64.749
-64.7438
-64.7387
-64.7335
-64.7283
-64.7232
-64.718
-64.7129
-64.7078
-64.7026
-64.6975
-64.7016
-64.7104
-64.7191
-64.7278
-64.7363
-64.7447
-64.753
-64.7612
-64.7693
-64.7773
-64.7852
-64.793
-64.8007
-64.8083
-64.8158
-64.8232
-64.8305
-64.8377
-64.8448
-64.8518
-64.8587
-64.8656
-64.8723
-64.879
-64.8855
-64.892
-64.8984
-64.9047
-64.9109
-64.917
-64.923
-64.929
-64.9349
-64.9407
-64.9464
-64.952
-64.9576
-64.963
-64.9684
-64.9737
-64.979
-64.9841
-64.9892
-64.9942
-64.9992
-65.004
-65.0088
-65.0136
-65.0182
-65.0228
-65.0273
-65.0317
-65.0361
-65.0404
-65.0446
-65.0488
-65.0529
-65.0569
-65.0609
-65.0648
-65.0686
-65.0724
-65.0761
-65.0797
-65.0833
-65.0868
-65.0903
-65.0937
-65.097
-65.1003
-65.1036
-65.1067
-65.1098
-65.1129
-65.1159
-65.1188
-65.1217
-65.1245
-65.1273
-65.13
-65.1327
-65.1353
-65.1378
-65.1404
-65.1428
-65.1452
-65.1476
-65.1499
-65.1521
-65.1543
-65.1565
-65.1586
-65.1606
-65.1626
-65.1646
-65.1665
-65.1684
-65.1702
-65.172
-65.1737
-65.1754
-65.177
-65.1786
-65.1801
-65.1816
-65.1831
-65.1845
-65.1859
-65.1872
-65.1885
-65.1898
-65.191
-65.1922
-65.1933
-65.1944
-65.1954
-65.1964
-65.1974
-65.1983
-65.1992
-65.2001
-65.2009
-65.2017
-65.2024
-65.2031
-65.2038
-65.2044
-65.205
-65.2056
-65.2061
-65.2066
-65.207
-65.2074
-65.2078
-65.2082
-65.2085
-65.2088
-65.209
-65.2093
-65.2094
-65.2096
-65.2097
-65.2098
-65.2099
-65.2099
-65.2099
-65.2099
-65.2098
-65.2097
-65.2096
-65.2094
-65.2093
-65.209
-65.2088
-65.2085
-65.2082
-65.2079
-65.2076
-65.2072
-65.2068
-65.2063
-65.2059
-65.2054
-65.2049
-65.2043
-65.2038
-65.2032
-65.2025
-65.2019
-65.2012
-65.2005
-65.2017
-65.2066
-65.214
-65.2245
-65.236
-65.2474
-65.2587
-65.2698
-65.2807
-65.2915
-65.3021
-65.3126
-65.323
-65.3332
-65.3433
-65.3532
-65.363
-65.3727
-65.3822
-65.3916
-65.4009
-65.41
-65.419
-65.4279
-65.4367
-65.4453
-65.4538
-65.4622
-65.4705
-65.4786
-65.4136
-65.3493
-65.2857
-65.2228
-65.1606
-65.0991
-65.0382
-64.978
-64.9185
-64.8597
-64.8014
-64.7439
-64.6869
-64.6305
-64.5748
-64.5197
-64.4651
-64.4112
-64.3578
-64.3049
-64.2527
-64.201
-64.1498
-64.0992
-64.0492
-63.9996
-63.9506
-63.9021
-63.8541
-63.8066
-63.7595
-63.713
-63.667
-63.6214
-63.5763
-63.5317
-63.4875
-63.4438
-63.4005
-63.3577
-63.3153
-63.2733
-63.2318
-63.1906
-63.1499
-63.1096
-63.0697
-63.0302
-62.9911
-62.9524
-62.9141
-62.8761
-62.8386
-62.8014
-62.7645
-62.7281
-62.6919
-62.6562
-62.6208
-62.5857
-62.551
-62.5166
-62.4895
-62.4626
-62.4361
-62.4098
-62.3838
-62.358
-62.3326
-62.3074
-62.2824
-62.2577
-62.2333
-62.2091
-62.1852
-62.1615
-62.1381
-62.1149
-62.0919
-62.0692
-62.0467
-62.0244
-62.0023
-61.9805
-61.9589
-61.9375
-61.9163
-61.8954
-61.8746
-61.854
-61.8337
-61.8136
-61.7936
-61.7739
-61.7543
-61.7349
-61.7158
-61.6968
-61.678
-61.6593
-61.6409
-61.6227
-61.6046
-61.5867
-61.5689
-61.5514
-61.5351
-61.5223
-61.5108
-61.5039
-61.5004
-61.498
-61.4991
-61.5024
-61.5067
-61.5122
-61.5175
-61.5228
-61.5281
-61.5332
-61.5383
-61.5434
-61.5484
-61.5534
-61.5582
-61.5631
-61.5678
-61.5726
-61.5772
-61.5819
-61.5864
-61.5909
-61.5954
-61.5998
-61.6042
-61.6085
-61.6128
-61.617
-61.6211
-61.6253
-61.6293
-61.6334
-61.6374
-61.6413
-61.6452
-61.6491
-61.6529
-61.6567
-61.6604
-61.6641
-61.6678
-61.6714
-61.6749
-61.6785
-61.682
-61.6854
-61.6889
-61.6923
-61.6956
-61.6989
-61.7022
-61.7054
-61.7087
-61.7118
-61.715
-61.7181
-61.7212
-61.7242
-61.7272
-61.7302
-61.7331
-61.736
-61.7389
-61.7418
-61.7446
-61.7474
-61.7502
-61.7529
-61.7556
-61.7583
-61.761
-61.7636
-61.7662
-61.7688
-61.7713
-61.7738
-61.7763
-61.7788
-61.7812
-61.7836
-61.786
-61.7884
-61.7907
-61.7931
-61.7954
-61.7976
-61.7999
-61.8021
-61.8043
-61.8065
-61.8086
-61.8108
-61.8129
-61.815
-61.8171
-61.8191
-61.8212
-61.8232
-61.8252
-61.8271
-61.8291
-61.831
-61.8329
-61.8348
-61.8367
-61.8385
-61.8404
-61.8422
-61.844
-61.8458
-61.8475
-61.8493
-61.851
-61.8527
-61.8544
-61.8561
-61.8578
-61.8594
-61.861
-61.8627
-61.8643
-61.8658
-61.8674
-61.869
-61.8705
-61.872
-61.8735
-61.875
-61.8765
-61.8779
-61.8805
-61.8851
-61.8907
-61.8974
-61.9072
-61.9212
-61.936
-61.9507
-61.9674
-61.9849
-62.0043
-62.0235
-62.0436
-62.0644
-62.085
-62.1053
-62.1254
-62.1453
-62.1649
-62.1843
-62.2035
-62.2224
-62.2411
-62.2596
-62.2779
-62.296
-62.3138
-62.3315
-62.3489
-62.3662
-62.3832
-62.4
-62.4167
-62.4331
-62.4494
-62.4654
-62.4813
-62.497
-62.5125
-62.5278
-62.543
-62.558
-62.5728
-62.5874
-62.6018
-62.6161
-62.6303
-62.6442
-62.658
-62.6717
-62.6852
-62.6985
-62.7117
-62.7247
-62.7376
-62.7503
-62.7629
-62.7753
-62.7876
-62.7303
-62.6737
-62.6177
-62.5625
-62.5079
-62.4539
-62.4006
-62.3479
-62.2959
-62.2444
-62.1936
-62.1433
-62.0937
-62.0446
-61.9961
-61.9481
-61.9007
-61.8538
-61.8075
-61.7617
-61.7164
-61.6717
-61.6274
-61.5836
-61.5404
-61.4976
-61.4553
-61.4134
-61.372
-61.3311
-61.2906
-61.2506
-61.211
-61.1718
-61.133
-61.0947
-61.0568
-61.0193
-60.9822
-60.9455
-60.9091
-60.8732
-60.8376
-60.8024
-60.7676
-60.7332
-60.6991
-60.6653
-60.6319
-60.5989
-60.5661
-60.5338
-60.5017
-60.47
-60.4386
-60.4075
-60.3767
-60.3462
-60.3161
-60.2862
-60.2566
-60.2273
-60.1983
-60.1696
-60.1412
-60.113
-60.0852
-60.0576
-60.0302
-60.0031
-59.9763
-59.9497
-59.9234
-59.8973
-59.8742
-59.8526
-59.8325
-59.8127
-59.7944
-59.7789
-59.7664
-59.758
-59.751
-59.7441
-59.7387
-59.736
-59.7334
-59.7335
-59.7336
-59.7337
-59.7352
-59.738
-59.7408
-59.7435
-59.7463
-59.749
-59.7517
-59.7544
-59.757
-59.7597
-59.7623
-59.7649
-59.7675
-59.77
-59.7726
-59.7751
-59.7776
-59.7801
-59.7825
-59.785
-59.7874
-59.7898
-59.7922
-59.7946
-59.797
-59.7993
-59.8017
-59.804
-59.8063
-59.8086
-59.8109
-59.8131
-59.8154
-59.8176
-59.8198
-59.822
-59.8242
-59.8264
-59.8285
-59.8307
-59.8328
-59.8349
-59.837
-59.8391
-59.8412
-59.8433
-59.8453
-59.8474
-59.8494
-59.8514
-59.8534
-59.8554
-59.8574
-59.8594
-59.8614
-59.8633
-59.8653
-59.8672
-59.8691
-59.871
-59.8729
-59.8748
-59.8767
-59.8786
-59.8805
-59.8823
-59.8842
-59.886
-59.8878
-59.8897
-59.8915
-59.8933
-59.8951
-59.8969
-59.8987
-59.9004
-59.9022
-59.9039
-59.9057
-59.9074
-59.9092
-59.9109
-59.9126
-59.9143
-59.916
-59.9177
-59.9194
-59.9211
-59.9228
-59.9244
-59.9261
-59.9277
-59.9294
-59.931
-59.9327
-59.9343
-59.9359
-59.9375
-59.9392
-59.9408
-59.9424
-59.944
-59.9455
-59.9471
-59.9487
-59.9503
-59.9518
-59.9534
-59.955
-59.9565
-59.9581
-59.9596
-59.9611
-59.9627
-59.9642
-59.9657
-59.9686
-59.9727
-59.9782
-59.9849
-59.9915
-59.9995
-60.0073
-60.0191
-60.032
-60.0488
-60.0654
-60.0832
-60.1007
-60.1194
-60.1406
-60.1615
-60.1834
-60.2065
-60.2293
-60.2519
-60.2755
-60.2988
-60.3232
-60.3473
-60.3712
-60.3948
-60.4182
-60.4413
-60.4641
-60.4868
-60.5091
-60.5313
-60.5532
-60.5749
-60.5963
-60.6176
-60.6386
-60.6593
-60.6799
-60.7002
-60.7204
-60.7403
-60.76
-60.7795
-60.7988
-60.8179
-60.8368
-60.8555
-60.874
-60.8924
-60.9105
-60.9284
-60.9462
-60.9638
-60.9811
-60.9984
-61.0154
-61.0323
-61.0489
-61.0655
-61.0818
-61.098
-61.114
-61.1298
-61.1455
-61.1611
-61.1764
-61.1916
-61.2067
-61.2216
-61.2364
-61.251
-61.2654
-61.2798
-61.2939
-61.3079
-61.3218
-61.3356
-61.3492
-61.3627
-61.376
-61.3892
-61.4023
-61.4152
-61.428
-61.4407
-61.4533
-61.4657
-61.478
-61.4902
-61.5023
-61.5142
-61.526
-61.5378
-61.5493
-61.5608
-61.5722
-61.5835
-61.5946
-61.6056
-61.6166
-61.6274
-61.6381
-61.6487
-61.6592
-61.6696
-61.6799
-61.6901
-61.7002
-61.7102
-61.7201
-61.7299
-61.7397
-61.7493
-61.7588
-61.7682
-61.7776
-61.7868
-61.796
-61.8051
-61.8141
-61.823
-61.8318
-61.8405
-61.8492
-61.8577
-61.8662
-61.8746
-61.8829
-61.8911
-61.8993
-61.9074
-61.9165
-61.9265
-61.9375
-61.9495
-61.9613
-61.973
-61.9857
-61.9298
-61.8745
-61.8231
-61.7744
-61.7285
-61.6832
-61.6395
-61.5963
-61.5537
-61.5126
-61.4744
-61.4366
-61.4004
-61.3646
-61.3304
-61.2967
-61.2634
-61.2316
-61.2002
-61.1704
-61.141
-61.1119
-61.0832
-61.0548
-61.0268
-60.9992
-60.9718
-60.9449
-60.9182
-60.8919
-60.8659
-60.8402
-60.8148
-60.7897
-60.765
-60.7405
-60.7163
-60.6924
-60.6688
-60.6455
-60.6224
-60.5996
-60.5771
-60.5548
-60.5329
-60.5111
-60.4896
-60.4684
-60.4474
-60.4266
-60.4061
-60.3859
-60.3658
-60.346
-60.3264
-60.307
-60.2879
-60.2689
-60.2502
-60.2317
-60.2134
-60.1953
-60.1774
-60.1597
-60.1421
-60.1248
-60.1077
-60.0908
-60.074
-60.0574
-60.041
-60.0248
-60.0088
-59.9929
-59.9772
-59.9617
-59.9463
-59.9311
-59.9161
-59.9012
-59.8865
-59.872
-59.8575
-59.8433
-59.8292
-59.8152
-59.8014
-59.7877
-59.7742
-59.7608
-59.7476
-59.7345
-59.7215
-59.7086
-59.6959
-59.6834
-59.6709
-59.6586
-59.6464
-59.6343
-59.6223
-59.6105
-59.5988
-59.5872
-59.5757
-59.5644
-59.5531
-59.542
-59.5309
-59.52
-59.5092
-59.4985
-59.4879
-59.4774
-59.467
-59.4567
-59.4466
-59.4365
-59.4265
-59.4166
-59.4068
-59.3971
-59.3875
-59.378
-59.3686
-59.3606
-59.3542
-59.3478
-59.3429
-59.3395
-59.336
-59.3327
-59.3307
-59.3288
-59.327
-59.3279
-59.3317
-59.3397
-59.3476
-59.3554
-59.3645
-59.3736
-59.3826
-59.3929
-59.4031
-59.416
-59.4288
-59.4429
-59.4568
-59.4719
-59.487
-59.5018
-59.5165
-59.5325
-59.5483
-59.5639
-59.5808
-59.5975
-59.614
-59.6303
-59.6465
-59.6626
-59.6784
-59.6941
-59.7097
-59.7251
-59.7403
-59.7554
-59.7704
-59.7852
-59.7998
-59.8144
-59.8287
-59.843
-59.8571
-59.871
-59.8848
-59.8985
-59.9121
-59.9255
-59.9388
-59.952
-59.965
-59.9779
-59.9907
-60.0034
-60.0159
-60.0284
-60.0407
-60.0529
-60.065
-60.0769
-60.0888
-60.1005
-60.1122
-60.1237
-60.1351
-60.1464
-60.1577
-60.1688
-60.1798
-60.1907
-60.2015
-60.2122
-60.2228
-60.2333
-60.2437
-60.254
-60.2642
-60.2744
-60.2844
-60.2944
-60.3042
-60.314
-60.3237
-60.3333
-60.3428
-60.3522
-60.3616
-60.3708
-60.38
-60.3891
-60.3981
-60.4071
-60.4159
-60.4247
-60.4334
-60.4421
-60.4506
-60.4591
-60.4675
-60.4758
-60.4841
-60.4923
-60.5004
-60.5085
-60.5164
-60.5244
-60.5322
-60.54
-60.5477
-60.5554
-60.5629
-60.5705
-60.5779
-60.5853
-60.5927
-60.5999
-60.6071
-60.6143
-60.6214
-60.6284
-60.6354
-60.6423
-60.6492
-60.656
-60.6627
-60.6707
-60.6797
-60.6887
-60.6989
-60.7102
-60.7214
-60.7325
-60.7434
-60.7555
-60.7675
-60.7794
-60.7924
-60.8077
-60.824
-60.8439
-60.8635
-60.8829
-60.9033
-60.9234
-60.9518
-60.9798
-61.0086
-61.0383
-61.0689
-61.0991
-61.1289
-61.1595
-61.191
-61.2221
-61.2527
-61.2831
-61.313
-61.3438
-61.3742
-61.4042
-61.435
-61.4654
-61.4954
-61.5251
-61.5544
-61.5834
-61.612
-61.6403
-61.6682
-61.6958
-61.7231
-61.7501
-61.7767
-61.803
-61.829
-61.8546
-61.88
-61.9051
-61.9298
-61.9543
-61.9785
-62.0024
-62.026
-62.0493
-62.0724
-62.0952
-62.1177
-62.1399
-62.1619
-62.1836
-62.2051
-62.2263
-62.2473
-62.268
-62.2885
-62.3087
-62.3287
-62.3485
-62.368
-62.3873
-62.4064
-62.4252
-62.4439
-62.4623
-62.4805
-62.4985
-62.5163
-62.5338
-62.5512
-62.5684
-62.5853
-62.6021
-62.6187
-62.6351
-62.6513
-62.6673
-62.6831
-62.6987
-62.7142
-62.7294
-62.7445
-62.7595
-62.7742
-62.7888
-62.8032
-62.8175
-62.8316
-62.8455
-62.8592
-62.8728
-62.8863
-62.8996
-62.9127
-62.9257
-62.9385
-62.9512
-62.9638
-62.9762
-62.9884
-63.0005
-63.0125
-63.0244
-63.0361
-63.0476
-63.0591
-63.0704
-63.0815
-63.0926
-63.1035
-63.1143
-63.1249
-63.1355
-63.1459
-63.1562
-63.1664
-63.1764
-63.1864
-63.1971
-63.2086
-63.22
-63.2321
-63.2441
-63.2568
-63.2694
-63.2818
-63.2941
-63.3072
-63.32
-63.3327
-63.3453
-63.3603
-63.3752
-63.3907
-63.4087
-63.4265
-63.444
-63.4621
-63.4801
-63.4978
-63.5153
-63.5334
-63.5513
-63.5698
-63.5889
-63.6078
-63.6264
-63.6456
-63.6646
-63.6842
-63.7035
-63.7226
-63.7414
-63.76
-63.7791
-63.798
-63.8167
-63.8351
-63.8541
-63.8728
-63.8913
-63.9095
-63.9275
-63.9453
-63.9628
-63.9801
-63.9972
-64.0141
-64.0307
-64.0471
-64.0633
-64.0793
-64.0951
-64.1106
-64.126
-64.1411
-64.1561
-64.1709
-64.1854
-64.1998
-64.214
-64.228
-64.2418
-64.2554
-64.2689
-64.2822
-64.2953
-64.3082
-64.3209
-64.3335
-64.3459
-64.3582
-64.3703
-64.3822
-64.394
-64.4056
-64.417
-64.4283
-64.4395
-64.4505
-64.4613
-64.472
-64.4826
-64.493
-64.5033
-64.5135
-64.5235
-64.5333
-64.5431
-64.5527
-64.5621
-64.5715
-64.5807
-64.5898
-64.5987
-64.6076
-64.6163
-64.6249
-64.6334
-64.6417
-64.65
-64.6581
-64.6661
-64.674
-64.6818
-64.6895
-64.6971
-64.7045
-64.7119
-64.7191
-64.7263
-64.7333
-64.7403
-64.7471
-64.7539
-64.7605
-64.7671
-64.7735
-64.7799
-64.7862
-64.7923
-64.7984
-64.8044
-64.8103
-64.8161
-64.8219
-64.8275
-64.8331
-64.8385
-64.8439
-64.8499
-64.8565
-64.8629
-64.8693
-64.8763
-64.8838
-64.8912
-64.8985
-64.9057
-64.9135
-64.9212
-64.9287
-64.9362
-64.9435
-64.952
-64.9611
-64.9708
-64.9809
-64.9922
-65.0034
-65.0144
-65.0259
-65.0373
-65.0484
-65.0595
-65.0703
-65.0817
-65.0929
-65.1046
-65.1167
-65.1287
-65.1405
-65.1528
-65.1649
-65.1774
-65.1898
-65.202
-65.214
-65.2258
-65.2375
-65.2496
-65.2616
-65.2733
-65.2849
-65.297
-65.3089
-65.3205
-65.3321
-65.3434
-65.3546
-65.3656
-65.3765
-65.3871
-65.3977
-65.408
-65.4183
-65.4283
-65.4382
-65.448
-65.4576
-65.4671
-65.4764
-65.4856
-65.4946
-65.5035
-65.5123
-65.5209
-65.5294
-65.5377
-65.5459
-65.554
-65.562
-65.5699
-65.5776
-65.5852
-65.5926
-65.6
-65.6072
-65.6143
-65.6214
-65.6282
-65.635
-65.6417
-65.6482
-65.6547
-65.661
-65.6672
-65.6734
-65.6794
-65.6853
-65.6911
-65.6968
-65.7024
-65.708
-65.7134
-65.7187
-65.7239
-65.7291
-65.7341
-65.7391
-65.7439
-65.7487
-65.7534
-65.758
-65.7625
-65.7669
-65.7713
-65.7755
-65.7797
-65.7838
-65.7878
-65.7917
-65.7956
-65.7993
-65.803
-65.8067
-65.8102
-65.8137
-65.8171
-65.8204
-65.8237
-65.8268
-65.8299
-65.833
-65.7624
-65.6927
-65.6237
-65.5555
-65.4881
-65.4214
-65.3555
-65.2903
-65.2265
-65.164
-65.1023
-65.0412
-64.9815
-64.9225
-64.8648
-64.8077
-64.7514
-64.6956
-64.6412
-64.5874
-64.5343
-64.4817
-64.4298
-64.3791
-64.3306
-64.2826
-64.2359
-64.1913
-64.1481
-64.1053
-64.063
-64.0213
-63.9808
-63.9408
-63.9014
-63.8623
-63.8246
-63.7873
-63.7505
-63.7149
-63.6806
-63.6467
-63.6132
-63.581
-63.5491
-63.5176
-63.4874
-63.4576
-63.4281
-63.3989
-63.3702
-63.3417
-63.3145
-63.2876
-63.2611
-63.2348
-63.2098
-63.1851
-63.1606
-63.1365
-63.1126
-63.0891
-63.0658
-63.0428
-63.0201
-62.9976
-62.9754
-62.9535
-62.9318
-62.9104
-62.8892
-62.8683
-62.8476
-62.8272
-62.807
-62.787
-62.7673
-62.7477
-62.7285
-62.7094
-62.6905
-62.6719
-62.6535
-62.6353
-62.6172
-62.5994
-62.5818
-62.5644
-62.5472
-62.5302
-62.5134
-62.4967
-62.4803
-62.464
-62.4479
-62.432
-62.4162
-62.4007
-62.3853
-62.37
-62.355
-62.34
-62.3253
-62.3107
-62.2963
-62.282
-62.2679
-62.254
-62.2401
-62.2265
-62.213
-62.1996
-62.1864
-62.1733
-62.1603
-62.1475
-62.1348
-62.1223
-62.1098
-62.0976
-62.0854
-62.0734
-62.0615
-62.0497
-62.038
-62.0265
-62.0151
-62.0038
-61.9926
-61.9815
-61.9706
-61.9597
-61.949
-61.9384
-61.9279
-61.9174
-61.9071
-61.8969
-61.8869
-61.8769
-61.868
-61.8604
-61.8528
-61.8453
-61.839
-61.8327
-61.8275
-61.8225
-61.8174
-61.8125
-61.8075
-61.8037
-61.8
-61.7963
-61.7926
-61.7889
-61.7853
-61.7839
-61.7836
-61.7844
-61.7852
-61.7892
-61.7932
-61.7971
-61.801
-61.8048
-61.8097
-61.8145
-61.8193
-61.824
-61.8286
-61.8343
-61.8399
-61.8465
-61.8542
-61.8617
-61.8691
-61.8765
-61.8848
-61.8931
-61.9013
-61.9104
-61.9194
-61.9283
-61.9371
-61.9458
-61.9544
-61.963
-61.9724
-61.9818
-61.991
-62.0002
-62.0092
-62.0192
-62.0291
-62.0388
-62.0484
-62.058
-62.0674
-62.0767
-62.0859
-62.095
-62.104
-62.1128
-62.1216
-62.1303
-62.1389
-62.1474
-62.1557
-62.164
-62.1722
-62.1803
-62.1883
-62.1962
-62.2041
-62.2118
-62.2194
-62.227
-62.2344
-62.2418
-62.2491
-62.2564
-62.2635
-62.2705
-62.2775
-62.2844
-62.2912
-62.298
-62.3046
-62.3112
-62.3177
-62.3242
-62.3305
-62.3368
-62.343
-62.3492
-62.3553
-62.3613
-62.3672
-62.3731
-62.3789
-62.3847
-62.3904
-62.396
-62.4015
-62.407
-62.4125
-62.4178
-62.4231
-62.4284
-62.4336
-62.4387
-62.4438
-62.4488
-62.4538
-62.4587
-62.4635
-62.4683
-62.473
-62.4777
-62.4824
-62.4869
-62.4915
-62.496
-62.5004
-62.5048
-62.5091
-62.5134
-62.5176
-62.5218
-62.5259
-62.53
-62.535
-62.541
-62.5469
-62.5527
-62.5585
-62.5651
-62.5727
-62.5802
-62.5876
-62.5949
-62.6022
-62.6093
-62.6174
-62.6253
-62.6332
-62.641
-62.6487
-62.6563
-62.6648
-62.6751
-62.6854
-62.6964
-62.7083
-62.722
-62.7355
-62.7488
-62.762
-62.7751
-62.7889
-62.8026
-62.8161
-62.8295
-62.8427
-62.8567
-62.8705
-62.8841
-62.8986
-62.9138
-62.9288
-62.9436
-62.9583
-62.9737
-62.9889
-63.0039
-63.0197
-63.0353
-63.0507
-63.0659
-63.0809
-63.0957
-63.1104
-63.1248
-63.14
-63.1551
-63.1699
-63.1845
-63.199
-63.2142
-63.2292
-63.244
-63.2587
-63.2731
-63.2874
-63.3015
-63.3154
-63.3292
-63.3428
-63.3562
-63.3695
-63.3826
-63.3955
-63.4083
-63.4209
-63.4334
-63.4457
-63.4578
-63.4699
-63.4817
-63.4934
-63.505
-63.5164
-63.5277
-63.5389
-63.5499
-63.5608
-63.5715
-63.5821
-63.5926
-63.603
-63.6132
-63.6233
-63.6332
-63.6431
-63.6528
-63.6624
-63.6719
-63.6813
-63.6905
-63.6996
-63.7087
-63.7176
-63.7264
-63.7351
-63.7436
-63.7521
-63.7605
-63.7687
-63.7769
-63.7849
-63.7929
-63.8007
-63.8085
-63.8161
-63.8237
-63.8311
-63.8385
-63.8458
-63.8529
-63.86
-63.867
-63.8739
-63.8807
-63.8875
-63.8941
-63.9007
-63.9071
-63.9135
-63.9198
-63.926
-63.9322
-63.9382
-63.9442
-63.9509
-63.9583
-63.9656
-63.9728
-63.9799
-63.9878
-63.9955
-64.0039
-64.0122
-64.0204
-64.0285
-64.0365
-64.0444
-64.0529
-64.0614
-64.0697
-64.078
-64.0861
-64.0941
-64.1021
-64.1114
-64.1215
-64.1314
-64.1419
-64.1531
-64.1657
-64.1781
-64.1903
-64.2024
-64.2143
-64.2269
-64.2393
-64.2515
-64.2635
-64.2754
-64.2872
-64.2995
-64.3117
-64.3237
-64.3363
-64.3495
-64.3625
-64.3753
-64.388
-64.4012
-64.4143
-64.4272
-64.4399
-64.4532
-64.4663
-64.3475
-64.2295
-64.1121
-63.9954
-63.8794
-63.7641
-63.6502
-63.5369
-63.4243
-63.3123
-63.2009
-63.0901
-62.9808
-62.872
-62.7639
-62.6562
-62.5491
-62.4426
-62.3365
-62.231
-62.1259
-62.0214
-61.9173
-61.8136
-61.7105
-61.6077
-61.5054
-61.4035
-61.302
-61.2009
-61.1002
-60.9999
-60.9
-60.8004
-60.7011
-60.6022
-60.5036
-60.4053
-60.3073
-60.2096
-60.1122
-60.0151
-59.9182
-59.8215
-59.7251
-59.629
-59.5426
-59.4565
-59.3706
-59.2848
-59.1993
-59.1138
-59.0285
-58.9434
-58.8584
-58.7734
-58.6886
-58.6039
-58.5193
-58.4347
-58.3502
-58.2657
-58.1813
-58.0969
-58.0125
-57.9281
-57.8437
-57.7593
-57.6749
-57.5903
-57.5058
-57.4211
-57.3364
-57.2515
-57.1666
-57.0815
-56.9962
-56.9108
-56.8252
-56.7395
-56.6535
-56.569
-56.4843
-56.4011
-56.3177
-56.234
-56.1499
-56.0674
-55.9845
-55.9031
-55.8213
-55.7391
-55.6565
-55.5734
-55.4899
-55.4059
-55.3233
-55.2402
-55.1565
-55.0723
-54.9874
-54.902
-54.8158
-54.733
-54.6515
-54.5692
-54.4883
-54.4066
-54.3302
-54.2531
-54.1751
-54.0963
-54.0166
-53.9359
-53.8564
-53.776
-53.6944
-53.6119
-53.5282
-53.4433
-53.3595
-53.2744
-53.188
-53.1002
-53.0133
-52.9273
-52.8397
-52.7506
-52.6599
-52.5675
-52.4757
-52.382
-52.2865
-52.1913
-52.0941
-51.9947
-51.8931
-51.7891
-51.6826
-51.5734
-51.4615
-51.3465
-51.2309
-51.1121
-50.9897
-50.8636
-50.7336
-50.5993
-50.463
-50.322
-50.1758
-50.024
-49.8662
-49.7018
-49.5304
-49.3511
-49.1634
-48.9662
-48.7587
-48.5397
-48.3078
-48.0614
-47.7987
-47.5174
-47.2147
-46.8873
-46.5309
-46.1402
-45.7082
-45.2259
-44.6807
-44.0555
-43.3251
-42.4512
-41.3727
-39.9837
-38.0856
-35.2606
-30.5237
-21.4945
-5.36595
11.7185
23.7329
31.6133
36.8127
40.2814
42.6195
44.209
45.2965
46.0428
46.4983
46.803
47.0011
47.1225
47.188
47.212
47.2046
47.1729
47.122
47.0555
46.976
46.8854
46.785
46.6758
46.5584
46.4332
46.3007
46.1609
46.014
45.86
45.6989
45.5307
45.3551
45.1586
44.9561
44.7336
44.5057
44.2718
44.0316
43.7707
43.5037
43.2302
42.9359
42.6353
42.3277
42.0128
41.6901
41.3592
41.0199
40.658
40.288
39.9095
39.5222
39.1258
38.7202
38.305
37.8666
37.4056
36.9226
36.4316
35.9188
35.3982
34.8297
34.2548
33.6734
33.085
32.4896
31.8868
31.2636
30.6335
29.9963
29.352
28.7004
28.0416
27.3756
26.6901
25.9979
25.2993
24.582
23.8589
23.1181
22.3721
21.6211
20.8652
20.1046
19.3278
18.5471
17.7626
16.9746
16.172
15.3667
14.5588
13.7486
12.9363
12.1221
11.3063
10.4891
9.6708
8.84166
8.01337
7.18698
6.36347
5.54375
4.72863
3.90929
3.09636
2.29048
1.49221
0.70206
-0.0795
-0.852051
-1.61522
-2.36866
-3.11208
-3.84522
-4.56785
-5.27977
-5.9808
-6.67082
-7.34971
-8.01738
-8.67376
-9.31881
-9.95251
-10.5749
-11.1858
-11.7855
-12.3739
-12.9511
-13.5172
-14.0721
-14.6162
-15.1493
-15.6717
-16.1834
-16.6846
-17.1754
-17.7035
-18.2671
-18.8178
-19.402
-20.0177
-20.6186
-21.2492
-21.9512
-22.7632
-23.5526
-24.3615
-25.2286
-26.1099
-27.004
-27.9091
-28.7865
-29.6373
-30.4623
-31.3316
-32.1732
-32.9879
-33.7762
-34.5388
-35.2763
-36.0201
-36.7684
-37.4907
-38.1877
-38.8644
-39.5174
-40.1515
-40.7635
-41.3545
-41.9254
-42.4772
-43.0144
-43.5342
-44.041
-44.5321
-45.0083
-45.4703
-45.919
-46.3548
-46.7784
-47.1903
-47.5937
-47.986
-48.3675
-48.7386
-49.0995
-49.4504
-49.7915
-50.1231
-50.4502
-50.7704
-51.0812
-51.3852
-51.6801
-51.9684
-52.2525
-52.5277
-52.7942
-53.0523
-53.3021
-53.5439
-53.7799
-54.0082
-54.2289
-54.4423
-54.6486
-54.8479
-55.0405
-55.2284
-55.4099
-55.5852
-55.7544
-55.9196
-56.079
-56.2346
-56.3847
-56.5286
-56.6674
-56.8012
-56.9319
-57.0578
-57.1792
-57.2962
-57.4105
-57.5197
-57.6239
-57.7242
-57.8189
-57.9099
-57.9974
-58.0815
-58.1623
-58.24
-58.3151
-58.3853
-58.4526
-58.5163
-58.5762
-58.6336
-58.6886
-58.7425
-58.7941
-58.8424
-58.8875
-58.9305
-58.9715
-59.0095
-59.0456
-59.0798
-59.1122
-59.1419
-59.1699
-59.1963
-59.2211
-59.2444
-59.2662
-59.2866
-59.3056
-59.3232
-59.3385
-59.3526
-59.3645
-59.3752
-59.3838
-59.3913
-59.3959
-59.3995
-59.4021
-59.4038
-59.4046
-59.4045
-59.4036
-59.4019
-59.3993
-59.396
-59.3919
-59.3871
-59.3815
-59.3743
-59.3664
-59.3579
-59.3487
-59.3389
-59.3285
-59.3176
-59.3061
-59.294
-59.2814
-59.2682
-59.2546
-59.2404
-59.2258
-59.2106
-59.195
-59.179
-59.1639
-59.1484
-59.1338
-59.1188
-59.1033
-59.0873
-59.0724
-59.0584
-59.044
-59.0291
-59.0138
-58.998
-58.9833
-58.9681
-58.9524
-58.9364
-58.9199
-58.903
-58.8901
-58.8767
-58.8643
-58.8544
-58.8454
-58.8358
-58.8257
-58.8166
-58.807
-58.7968
-58.7862
-58.775
-58.7649
-58.7542
-58.7431
-58.7329
-58.7237
-58.714
-58.7038
-58.6931
-58.6834
-58.6732
-58.6625
-58.6528
-58.6426
-58.6319
-58.6208
-58.6091
-58.597
-58.5845
-58.5715
-58.5581
-58.5442
-58.5299
-58.5167
-58.5031
-58.489
-58.4746
-58.4597
-58.4444
-58.4287
-58.4127
-58.3962
-58.3809
-58.3652
-58.3491
-58.3326
-58.3157
-58.2985
-58.2809
-58.263
-58.2446
-58.226
-58.207
-58.1876
-58.1679
-58.1479
-58.1276
-58.1069
-58.086
-58.0647
-58.0431
-58.0212
-57.9989
-57.9764
-57.9536
-57.9306
-57.9072
-57.8835
-57.8596
-57.8353
-57.8108
-57.7861
-57.761
-57.7357
-57.7101
-57.6843
-57.6582
-57.6319
-57.6052
-57.5784
-57.5513
-57.5239
-57.4963
-57.4684
-57.4403
-57.412
-57.3834
-57.3545
-57.3255
-57.2962
-57.2666
-57.2369
-57.2069
-57.1766
-57.1462
-57.1155
-57.0845
-57.0534
-57.022
-56.9904
-56.9585
-56.9265
-56.8942
-56.8616
-56.8289
-56.7959
-56.7645
-56.7328
-56.7026
-56.6721
-56.6414
-56.6105
-56.581
-56.5513
-56.523
-56.4945
-56.4657
-56.4366
-56.4072
-56.3793
-56.3511
-56.3226
-56.2938
-56.2647
-56.2371
-56.2128
-56.1882
-56.165
-56.147
-56.1285
-56.1095
-56.0902
-56.0723
-56.054
-56.0352
-56.016
-55.9983
-55.9801
-55.9615
-55.9443
-55.9285
-55.9123
-55.8956
-55.8784
-55.8627
-55.8465
-55.8299
-55.8146
-55.799
-55.7828
-55.7662
-55.7491
-55.7316
-55.7136
-55.6952
-55.6763
-55.6571
-55.6392
-55.6209
-55.6022
-55.5831
-55.5634
-55.5434
-55.5229
-55.502
-55.4807
-55.4609
-55.4406
-55.4199
-55.3987
-55.3771
-55.3551
-55.3327
-55.3098
-55.2866
-55.2629
-55.2388
-55.2142
-55.1893
-55.1639
-55.1382
-55.112
-55.0854
-55.0584
-55.031
-55.0032
-54.975
-54.9464
-54.9174
-54.888
-54.8582
-54.828
-54.7973
-54.7663
-54.7349
-54.7031
-54.6708
-54.6382
-54.6051
-54.5717
-54.5378
-54.5036
-54.4689
-54.4338
-54.3983
-54.3624
-54.326
-54.2893
-54.2521
-54.2145
-54.1765
-54.138
-54.0992
-54.0598
-54.0201
-53.9799
-53.9392
-53.8981
-53.8566
-53.8145
-53.7721
-53.7291
-53.6857
-53.6418
-53.5974
-53.5526
-53.5072
-53.4613
-53.4171
-53.3724
-53.3294
-53.2858
-53.2416
-53.197
-53.1539
-53.1104
-53.0684
-53.0259
-52.9828
-52.9391
-52.8949
-52.85
-52.8067
-52.7628
-52.7342
-52.7049
-52.675
-52.6444
-52.6177
-52.5926
-52.5669
-52.5428
-52.5202
-52.5016
-52.4823
-52.4623
-52.4417
-52.4226
-52.4028
-52.3823
-52.3611
-52.3392
-52.3189
-52.2979
-52.2785
-52.2584
-52.2399
-52.2207
-52.2008
-52.1801
-52.161
-52.1412
-52.1206
-52.1017
-52.082
-52.0616
-52.0404
-52.0185
-51.9958
-51.9724
-51.9482
-51.9233
-51.8975
-51.871
-51.8461
-51.8204
-51.794
-51.7667
-51.7386
-51.7098
-51.6801
-51.6496
-51.6183
-51.5861
-51.5555
-51.5241
-51.4918
-51.4586
-51.4246
-51.3897
-51.3538
-51.3171
-51.2795
-51.2409
-51.2014
-51.1609
-51.1195
-51.077
-51.0336
-50.9891
-50.9436
-50.897
-50.8493
-50.8006
-50.7506
-50.6996
-50.6473
-50.5939
-50.5392
-50.4832
-50.426
-50.3674
-50.3075
-50.2461
-50.1833
-50.119
-50.0532
-49.9858
-49.9168
-49.846
-49.7736
-49.6993
-49.6232
-49.5452
-49.4652
-49.3831
-49.2988
-49.2123
-49.1234
-49.0321
-48.8872
-48.739
-48.5872
-48.4316
-48.2719
-48.1078
-47.939
-47.765
-47.5856
-47.4003
-47.2086
-47.01
-46.8038
-46.5926
-46.3724
-46.1457
-45.9086
-45.6598
-45.3982
-45.1222
-44.8335
-44.5268
-44.2032
-43.8566
-43.4835
-43.0794
-42.6389
-42.1548
-41.6179
-41.0195
-40.3394
-39.5539
-38.6288
-37.512
-36.122
-34.3295
-31.9137
-28.482
-23.4478
-16.2765
-7.48626
1.27852
8.86896
15.0381
19.963
23.8927
27.0499
29.5962
31.6564
33.3267
34.6703
35.7595
36.6406
37.3376
37.8809
38.3079
38.6368
38.8828
39.0578
39.1587
39.208
39.2121
39.1764
39.0921
38.9773
38.8348
38.6673
38.4767
38.2648
38.033
37.7826
37.5147
37.2301
36.9296
36.614
36.2703
35.9133
35.5433
35.1605
34.7654
34.358
33.9386
33.5075
33.0648
32.5976
32.1198
31.6315
31.1328
30.6238
30.1046
29.5754
29.0363
28.4874
27.9288
27.3608
26.7834
26.1968
25.6013
24.9969
24.3838
23.7623
23.1326
22.4948
21.8492
21.1959
20.5353
19.8675
19.1928
18.5114
17.8236
17.1296
16.4298
15.7242
15.0133
14.2973
13.5765
12.8511
12.1214
11.3878
10.6504
9.90963
9.16578
8.41978
7.67263
6.92525
6.1785
5.43318
4.69004
3.94976
3.213
2.48033
1.75233
1.02949
0.312289
-0.398831
-1.10347
-1.80125
-2.49185
-3.17494
-3.85025
-4.51752
-5.18493
-5.84358
-6.50154
-7.1501
-7.78915
-8.41857
-9.03828
-9.65605
-10.2637
-10.8612
-11.4562
-12.0408
-12.615
-13.1788
-13.7323
-14.2756
-14.8087
-15.3387
-15.8585
-16.3681
-16.8676
-17.3572
-17.837
-18.3069
-18.7807
-19.2511
-19.7116
-20.1688
-20.6227
-21.0795
-21.5263
-21.9633
-22.3906
-22.8085
-23.2231
-23.6284
-24.0246
-24.4118
-24.7903
-25.16
-25.5271
-25.8857
-26.2359
-26.5836
-26.9232
-27.2604
-27.5895
-27.9108
-28.2244
-28.5359
-28.8398
-29.1363
-29.4255
-29.7076
-29.9878
-30.261
-30.5274
-30.7869
-31.0399
-31.2862
-31.5262
-31.7598
-31.9871
-32.2084
-32.4236
-32.633
-32.8752
-33.1447
-33.4074
-33.7296
-34.0766
-34.4151
-34.7773
-35.1939
-35.6934
-36.1798
-36.6878
-37.2413
-37.7791
-38.3587
-38.9211
-39.4668
-39.9962
-40.5629
-41.1122
-41.6448
-42.1612
-42.6622
-43.1485
-43.6445
-44.1495
-44.6397
-45.116
-45.5789
-46.0292
-46.4672
-46.8935
-47.3086
-47.7127
-48.1062
-48.4894
-48.8624
-49.2256
-49.5792
-49.9232
-50.2578
-50.5833
-50.8997
-51.2073
-51.5061
-51.7964
-52.0782
-52.3517
-52.6172
-52.8747
-53.1244
-53.3666
-53.6013
-53.8289
-54.0493
-54.2628
-54.4696
-54.6699
-54.8638
-55.0515
-55.2332
-55.409
-55.5791
-55.7437
-55.9047
-56.0604
-56.2109
-56.3583
-56.5007
-56.6383
-56.7713
-56.8999
-57.0257
-57.1472
-57.2646
-57.3796
-57.4906
-57.5978
-57.7012
-57.801
-57.8972
-57.9901
-58.0812
-58.169
-58.2536
-58.3352
-58.4138
-58.4895
-58.5624
-58.6325
-58.7029
-58.7722
-58.8388
-58.9043
-58.9673
-59.0307
-59.0931
-59.153
-59.2106
-59.2659
-59.319
-59.3713
-59.4214
-59.4695
-59.5156
-59.5598
-59.602
-59.6437
-59.6836
-59.7218
-59.7582
-59.7942
-59.8299
-59.864
-59.8964
-59.9273
-59.9566
-59.9845
-60.0122
-60.0385
-60.0634
-60.0869
-60.1104
-60.1326
-60.1535
-60.1731
-60.1916
-60.2088
-60.2249
-60.2399
-60.2538
-60.2666
-60.2784
-60.2892
-60.2989
-60.309
-60.3182
-60.3263
-60.3336
-60.34
-60.3455
-60.3501
-60.3539
-60.357
-60.3592
-60.3606
-60.3626
-60.3638
-60.3642
-60.3639
-60.3629
-60.3613
-60.3589
-60.3559
-60.3522
-60.3479
-60.343
-60.3375
-60.3314
-60.3247
-60.3175
-60.3097
-60.3013
-60.2925
-60.2831
-60.2732
-60.2628
-60.2519
-60.2406
-60.2288
-60.2165
-60.2038
-60.1906
-60.177
-60.163
-60.1486
-60.1338
-60.1185
-60.1029
-60.0869
-60.0705
-60.0538
-60.0367
-60.0192
-60.0014
-59.9832
-59.9647
-59.9459
-59.9267
-59.9072
-59.8874
-59.8673
-59.8469
-59.8262
-59.8051
-59.7852
-59.7649
-59.7443
-59.7248
-59.7049
-59.6847
-59.6643
-59.6435
-59.6238
-59.6037
-59.5834
-59.5641
-59.5445
-59.5246
-59.5044
-59.4839
-59.4631
-59.4419
-59.4205
-59.4002
-59.3796
-59.3586
-59.3374
-59.3159
-59.2941
-59.272
-59.2496
-59.2298
-59.211
-59.1919
-59.1725
-59.1542
-59.137
-59.1223
-59.1071
-59.0916
-59.0757
-59.0594
-59.0428
-59.0272
-59.0113
-58.9949
-58.9782
-58.9611
-58.9437
-58.9259
-58.9092
-58.8922
-58.8747
-58.8584
-58.8417
-58.8261
-58.8102
-58.7938
-58.7771
-58.76
-58.7425
-58.7261
-58.7094
-58.6923
-58.6748
-58.6585
-58.6418
-58.6247
-58.6073
-58.5894
-58.5713
-58.5528
-58.5339
-58.5147
-58.4951
-58.4752
-58.455
-58.4345
-58.4136
-58.3939
-58.3739
-58.3536
-58.3329
-58.3119
-58.2906
-58.269
-58.247
-58.2248
-58.2022
-58.1793
-58.1577
-58.1358
-58.1135
-58.091
-58.0681
-58.0449
-58.0215
-57.9977
-57.9736
-57.9492
-57.9246
-57.8997
-57.8744
-57.8489
-57.8231
-57.797
-57.7707
-57.7441
-57.7172
-57.69
-57.6626
-57.6349
-57.6069
-57.5787
-57.5502
-57.5214
-57.4924
-57.4631
-57.4336
-57.4038
-57.3738
-57.3435
-57.313
-57.2822
-57.2511
-57.2199
-57.1883
-57.1565
-57.1245
-57.0922
-57.0597
-57.0269
-56.9939
-56.9607
-56.9272
-56.8952
-56.8629
-56.8303
-56.7993
-56.7679
-56.7363
-56.7045
-56.6723
-56.6416
-56.6107
-56.5794
-56.5497
-56.5196
-56.4893
-56.4586
-56.4277
-56.3964
-56.3649
-56.333
-56.3009
-56.2703
-56.2393
-56.2081
-56.1765
-56.1447
-56.1125
-56.08
-56.0472
-56.016
-55.9862
-55.958
-55.9294
-55.9024
-55.8749
-55.849
-55.8264
-55.8034
-55.78
-55.7562
-55.732
-55.7074
-55.6843
-55.6607
-55.6368
-55.6124
-55.5877
-55.5625
-55.537
-55.511
-55.4866
-55.4617
-55.4364
-55.4107
-55.3866
-55.3639
-55.3408
-55.3173
-55.2933
-55.2689
-55.2441
-55.2208
-55.1971
-55.1729
-55.1483
-55.1232
-55.0997
-55.0757
-55.0513
-55.0264
-55.0011
-54.9754
-54.9492
-54.9226
-54.8956
-54.8681
-54.8402
-54.8118
-54.797
-54.7816
-54.7658
-54.7514
-54.7364
-54.7209
-54.7049
-54.6884
-54.6713
-54.6538
-54.6357
-54.6171
-54.5979
-54.5783
-54.5602
-54.5415
-54.5223
-54.5027
-54.4825
-54.4618
-54.4405
-54.4188
-54.3965
-54.3738
-54.3505
-54.3268
-54.3025
-54.2777
-54.2525
-54.2267
-54.2004
-54.1736
-54.1463
-54.1185
-54.0902
-54.0036
-53.917
-53.8304
-53.7436
-53.6567
-53.5697
-53.4825
-53.3951
-53.3075
-53.2197
-53.1315
-53.0431
-52.9543
-52.8652
-52.7756
-52.6856
-52.5952
-52.5043
-52.4128
-52.3231
-52.2328
-52.1418
-52.0525
-51.9625
-51.8718
-51.7803
-51.688
-51.5947
-51.503
-51.4103
-51.3167
-51.2244
-51.131
-51.0365
-50.9408
-50.8438
-50.7455
-50.6458
-50.5447
-50.442
-50.3402
-50.2368
-50.1317
-50.0246
-49.9157
-49.8047
-49.6915
-49.5761
-49.4582
-49.3406
-49.223
-49.1054
-48.985
-48.8616
-48.7379
-48.6108
-48.4887
-48.3631
-48.2338
-48.1006
-47.9632
-47.8213
-47.6746
-47.5258
-47.3716
-47.2116
-47.0454
-46.8725
-46.6922
-46.5041
-46.3074
-46.1043
-45.8911
-45.6666
-45.4296
-45.1821
-44.9193
-44.6426
-44.3467
-44.0288
-43.6857
-43.3132
-42.9062
-42.4616
-41.9679
-41.4137
-40.7838
-40.0568
-39.2058
-38.1815
-36.912
-35.2797
-33.0825
-29.9639
-25.3216
-18.4132
-9.30986
0.226951
8.57184
15.3028
20.6102
24.8036
28.1331
30.7774
32.8935
34.5913
35.9554
37.0515
37.9306
38.6329
39.1899
39.6269
39.9637
40.2165
40.3981
40.5058
40.5627
40.5754
40.5494
40.4892
40.3987
40.2808
40.1382
39.973
39.7869
39.5815
39.3579
39.1173
38.8606
38.5884
38.3014
38.0002
37.6852
37.3567
37.0152
36.6609
36.294
35.9149
35.5236
35.1204
34.7054
34.2788
33.8407
33.3913
32.9307
32.4589
31.9762
31.4827
30.9784
30.4636
29.9384
29.3901
28.8322
28.2648
27.6754
27.0773
26.4706
25.8554
25.2318
24.6001
23.9482
23.2889
22.6224
21.9488
21.2565
20.558
19.8535
19.1431
18.427
17.7055
16.9787
16.247
15.5105
14.7585
14.0027
13.2432
12.4803
11.7143
10.9454
10.1738
9.39991
8.62439
7.84821
7.0523
6.24837
5.44748
4.65037
3.84814
3.05135
2.25121
1.43941
0.635698
-0.159508
-0.945812
-1.72286
-2.49033
-3.24794
-4.00401
-4.74942
-5.484
-6.20757
-6.92001
-7.62121
-8.31108
-8.98955
-9.66442
-10.3276
-10.979
-11.6186
-12.2541
-12.8778
-13.4969
-14.1041
-14.6994
-15.2829
-15.8548
-16.4152
-16.9643
-17.5089
-18.0423
-18.5645
-19.0758
-19.5763
-20.0727
-20.5585
-21.0338
-21.4989
-21.9538
-22.3989
-22.8342
-23.26
-23.6764
-24.0835
-24.4816
-24.8708
-25.2513
-25.6232
-25.9866
-26.3418
-26.6945
-27.039
-27.3756
-27.7044
-28.0254
-28.3389
-28.645
-28.9438
-29.2354
-29.5199
-29.7975
-30.0682
-30.3374
-30.5999
-30.8559
-31.1053
-31.3484
-31.5852
-31.8159
-32.0405
-32.2592
-32.472
-32.6791
-32.8804
-33.0762
-33.2665
-33.4515
-33.6311
-33.8055
-33.9747
-34.1389
-34.2982
-34.4525
-34.6021
-34.7469
-34.8871
-35.0227
-35.1539
-35.2806
-35.4029
-35.521
-35.6349
-35.7446
-35.8502
-35.9563
-36.0584
-36.1566
-36.2553
-36.3502
-36.5026
-36.6811
-36.855
-37.0844
-37.3125
-37.5649
-37.87
-38.2548
-38.6345
-39.0335
-39.4781
-39.9116
-40.3611
-40.8254
-41.2775
-41.7179
-42.1971
-42.6633
-43.1206
-43.5658
-43.9993
-44.4217
-44.856
-45.3016
-45.7355
-46.1583
-46.5705
-46.9723
-47.3699
-47.7575
-48.1383
-48.5094
-48.8712
-49.2265
-49.5726
-49.9149
-50.2508
-50.5776
-50.8956
-51.2049
-51.5056
-51.7979
-52.0819
-52.3601
-52.6303
-52.8925
-53.1471
-53.394
-53.6336
-53.866
-54.0913
-54.3118
-54.5255
-54.7326
-54.9333
-55.1276
-55.3178
-55.502
-55.6822
-55.8566
-56.0255
-56.1889
-56.347
-56.5
-56.6481
-56.793
-56.9332
-57.0687
-57.1998
-57.3265
-57.4506
-57.5705
-57.6864
-57.7985
-57.9067
-58.0112
-58.1121
-58.2096
-58.3037
-58.3945
-58.4821
-58.5667
-58.6483
-58.7269
-58.8027
-58.8758
-58.9462
-59.0155
-59.0822
-59.1464
-59.2083
-59.2677
-59.3249
-59.3799
-59.4328
-59.4835
-59.5322
-59.579
-59.6238
-59.6681
-59.7106
-59.7512
-59.7901
-59.8273
-59.8629
-59.8968
-59.9292
-59.96
-59.9894
-60.0173
-60.0438
-60.0689
-60.0927
-60.1152
-60.1365
-60.1565
-60.1753
-60.1929
-60.2094
-60.2248
-60.2391
-60.2524
-60.2646
-60.2758
-60.2861
-60.2954
-60.3037
-60.3124
-60.3202
-60.3271
-60.3344
-60.3408
-60.3464
-60.3511
-60.355
-60.3582
-60.3605
-60.3633
-60.3654
-60.3667
-60.3686
-60.3696
-60.37
-60.3697
-60.3686
-60.3669
-60.3646
-60.3615
-60.3579
-60.3536
-60.3487
-60.3445
-60.3397
-60.3343
-60.3283
-60.3217
-60.3146
-60.307
-60.2988
-60.2901
-60.2808
-60.2724
-60.2647
-60.2577
-60.2502
-60.2422
-60.235
-60.2272
-60.2201
-60.2151
-60.2095
-60.2034
-60.1966
-60.1894
-60.1816
-60.1734
-60.1646
-60.1566
-60.1481
-60.139
-60.1295
-60.1196
-60.1091
-60.0982
-60.0868
-60.075
-60.064
-60.0526
-60.0407
-60.0284
-60.0157
-60.0038
-59.9916
-59.9802
-59.9683
-59.956
-59.9433
-59.9302
-59.9167
-59.9027
-59.8897
-59.8762
-59.8624
-59.8481
-59.8335
-59.8185
-59.8044
-59.7899
-59.775
-59.7598
-59.7442
-59.7282
-59.7118
-59.6951
-59.678
-59.6606
-59.6428
-59.6247
-59.6062
-59.5874
-59.5684
-59.5489
-59.5292
-59.5105
-59.4915
-59.4722
-59.4526
-59.4326
-59.4124
-59.3918
-59.371
-59.3498
-59.3284

